Frame	Volume
1	735.677
2	739.487
3	721.691
4	735.862
5	730.1
6	725.67
7	724.348
8	729.764
9	733.762
10	727.407
11	730.405
12	727.5
13	729.719
14	728.707
15	729.656
16	729.931
17	730.335
18	730.133
19	729.465
20	729.78
21	729.156
22	729.645
23	728.661
24	730.857
25	729.861
26	730.161
27	729.08
28	728.589
29	729.021
30	729.749
31	729.453
32	729.526
33	729.204
34	730.059
35	729.008
36	729.356
37	729.729
38	729.468
39	729.499
40	729.508
41	730.965
42	729.962
43	729.077
44	729.18
45	729.172
46	728.984
47	730.322
48	728.385
49	729.113
50	730.352
51	729.939
52	729.622
53	729.622
54	728.716
55	729.806
56	729.242
57	729.835
58	730.09
59	729.443
60	730.022
61	729.18
62	730.248
63	729.26
64	729.053
65	729.244
66	729.467
67	729.294
68	729.884
69	729.788
70	729.791
71	729.467
72	730.047
73	729.083
74	728.894
75	729.676
76	729.328
77	729.218
78	729.172
79	729.563
80	729.363
81	729.413
82	729.539
83	729.553
84	729.716
85	729.082
86	729.267
87	729.872
88	729.388
89	729.773
90	729.528
91	729.367
92	729.693
93	728.983
94	729.477
95	729.395
96	729.678
97	729.513
98	729.427
99	729.786
100	728.926
101	729.635
102	729.592
103	729.584
104	729.273
105	729.012
106	729.13
107	729.3
108	729.619
109	729.363
110	729.299
111	729.504
112	729.343
113	729.936
114	729.527
115	729.471
116	729.387
117	728.941
118	729.41
119	729.76
120	729.515
121	729.725
122	729.461
123	729.591
124	729.595
125	729.642
126	729.482
127	729.281
128	729.832
129	729.293
130	729.363
131	729.724
132	729.953
133	729.629
134	729.166
135	729.333
136	729.446
137	729.459
138	729.17
139	729.979
140	729.524
141	729.425
142	729.747
143	729.441
144	729.783
145	729.533
146	729.247
147	729.293
148	729.45
149	729.567
150	729.622
151	729.337
152	729.267
153	729.56
154	729.471
155	729.502
156	729.513
157	729.737
158	729.36
159	729.517
160	729.435
161	729.717
162	729.491
163	729.669
164	729.359
165	729.72
166	729.549
167	729.394
168	729.339
169	729.559
170	729.717
171	729.489
172	729.399
173	729.565
174	729.545
175	729.787
176	729.438
177	729.729
178	729.498
179	729.352
180	729.366
181	729.375
182	729.604
183	729.772
184	729.553
185	729.503
186	729.453
187	728.97
188	729.394
189	729.463
190	729.195
191	729.269
192	729.195
193	729.851
194	729.164
195	729.661
196	729.161
197	729.053
198	729.303
199	729.008
200	729.882
201	729.873
202	729.462
203	729.371
204	728.653
205	729.767
206	729.469
207	729.789
208	729.381
209	729.569
210	729.398
211	729.624
212	729.46
213	729.708
214	729.441
215	729.176
216	729.346
217	729.771
218	729.426
219	729.505
220	729.538
221	729.555
222	729.353
223	729.504
224	729.423
225	729.435
226	729.883
227	729.328
228	729.611
229	729.402
230	729.658
231	729.546
232	729.438
233	729.382
234	729.477
235	729.495
236	729.575
237	729.644
238	729.471
239	729.571
240	729.457
241	729.428
242	729.422
243	729.462
244	729.567
245	729.486
246	729.75
247	729.597
248	729.353
249	729.447
250	729.394
251	729.547
252	729.599
253	729.613
254	729.474
255	729.424
256	729.478
257	729.429
258	729.575
259	729.623
260	729.5
261	729.505
262	729.584
263	729.373
264	729.634
265	729.717
266	729.364
267	729.534
268	729.441
269	729.367
270	729.401
271	729.528
272	729.477
273	729.545
274	729.562
275	729.538
276	729.58
277	729.385
278	729.395
279	729.551
280	729.43
281	729.459
282	729.57
283	729.489
284	729.543
285	729.506
286	729.546
287	729.415
288	729.474
289	729.419
290	729.438
291	729.448
292	729.442
293	729.469
294	729.617
295	729.513
296	729.516
297	729.516
298	729.478
299	729.553
300	729.46
301	729.408
302	729.373
303	729.489
304	729.423
305	729.338
306	729.481
307	729.449
308	729.577
309	729.512
310	729.555
311	729.499
312	729.436
313	729.346
314	729.481
315	729.41
316	729.466
317	729.531
318	729.546
319	729.436
320	729.53
321	729.568
322	729.483
323	729.468
324	729.506
325	729.49
326	729.59
327	729.456
328	729.471
329	729.505
330	729.461
331	729.376
332	729.375
333	729.53
334	729.446
335	729.466
336	729.489
337	729.489
338	729.514
339	729.477
340	729.496
341	729.417
342	729.413
343	729.562
344	729.474
345	729.43
346	729.593
347	729.514
348	729.485
349	729.51
350	729.487
351	729.465
352	729.456
353	729.494
354	729.482
355	729.48
356	729.461
357	729.483
358	729.473
359	729.532
360	729.517
361	729.452
362	729.483
363	729.424
364	729.455
365	729.476
366	729.436
367	729.502
368	729.508
369	729.543
370	729.502
371	729.453
372	729.466
373	729.447
374	729.466
375	729.448
376	729.451
377	729.521
378	729.472
379	729.493
380	729.489
381	729.518
382	729.542
383	729.498
384	729.428
385	729.472
386	729.485
387	729.503
388	729.473
389	729.496
390	729.466
391	729.45
392	729.449
393	729.513
394	729.482
395	729.443
396	729.463
397	729.504
398	729.535
399	729.517
400	729.49
401	729.459
402	729.529
403	729.472
404	729.491
405	729.474
406	729.461
407	729.497
408	729.509
409	729.435
410	729.51
411	729.512
412	729.504
413	729.511
414	729.464
415	729.462
416	729.505
417	729.513
418	729.529
419	729.489
420	729.453
421	729.439
422	729.46
423	729.496
424	729.507
425	729.493
426	729.485
427	729.476
428	729.513
429	729.515
430	729.504
431	729.461
432	729.471
433	729.515
434	729.478
435	729.47
436	729.461
437	729.461
438	729.487
439	729.462
440	729.458
441	729.548
442	729.501
443	729.521
444	729.513
445	729.466
446	729.536
447	729.508
448	729.358
449	729.397
450	729.494
451	729.487
452	729.487
453	729.5
