Frame	Volume
1	1325.32
2	1245.87
3	1302.11
4	1356.81
5	1324.23
6	1319.55
7	1283.98
8	1319.11
9	1331.28
10	1314.07
11	1314.76
12	1339.76
13	1332.07
14	1323.59
15	1316.6
16	1320.53
17	1325.49
18	1325.18
19	1323.06
20	1327.53
21	1330.03
22	1328.29
23	1329.59
24	1331.88
25	1330.96
26	1324.88
27	1327.86
28	1329.74
29	1337.8
30	1326.53
31	1338.3
32	1335.38
33	1332.47
34	1333.68
35	1327.95
36	1332.21
37	1331.95
38	1331.4
39	1324.44
40	1322.58
41	1335.36
42	1330.8
43	1328.44
44	1331
45	1331.12
46	1327.07
47	1329.69
48	1328.09
49	1335.34
50	1329.18
51	1336.47
52	1333.72
53	1334.01
54	1329.46
55	1329.62
56	1331.51
57	1335.8
58	1323.22
59	1333.39
60	1330.8
61	1329.15
62	1329.21
63	1327.86
64	1329.11
65	1333.42
66	1330.39
67	1329.62
68	1333.68
69	1334.13
70	1328.11
71	1330.19
72	1327.94
73	1333.16
74	1331.13
75	1329.84
76	1328.44
77	1331.63
78	1331.01
79	1328.67
80	1330.11
81	1327.21
82	1330.42
83	1331.38
84	1329.95
85	1331.02
86	1327.97
87	1333.49
88	1326.23
89	1329.36
90	1330.23
91	1328.77
92	1327.74
93	1329.03
94	1332.05
95	1330.74
96	1331.43
97	1330.47
98	1331.08
99	1328.96
100	1332.76
101	1329.28
102	1326.51
103	1327.88
104	1328.42
105	1330.11
106	1330.39
107	1328.9
108	1329.39
109	1330.58
110	1330.41
111	1330.86
112	1331.23
113	1331.76
114	1329.6
115	1330.65
116	1327.28
117	1325.57
118	1330.82
119	1330.73
120	1331.13
121	1330.94
122	1331.58
123	1331.94
124	1329.13
125	1330.93
126	1329.41
127	1330.47
128	1329.6
129	1329.69
130	1331.6
131	1328.38
132	1329.55
133	1329.13
134	1327.11
135	1331.13
136	1330.4
137	1330.19
138	1329.47
139	1333.57
140	1330.75
141	1331.02
142	1328.07
143	1331.78
144	1331.12
145	1332.94
146	1330.45
147	1330.16
148	1331.11
149	1330.84
150	1329.98
151	1331.54
152	1326.77
153	1332.2
154	1331.1
155	1330.58
156	1332.39
157	1331.27
158	1330.55
159	1331.42
160	1330
161	1332.13
162	1330.7
163	1330.48
164	1331.77
165	1331.72
166	1330.77
167	1330.47
168	1330.42
169	1331.81
170	1331.16
171	1332.06
172	1331.02
173	1332.72
174	1331.53
175	1330.57
176	1329.91
177	1331.45
178	1332.32
179	1331.16
180	1329.27
181	1331.17
182	1330.67
183	1332.06
184	1331.85
185	1330.41
186	1330.68
187	1331.16
188	1330.72
189	1330.32
190	1330.87
191	1330.99
192	1331.71
193	1330.74
194	1331.61
195	1330.6
196	1331.9
197	1331.97
198	1331.53
199	1331.06
200	1330.95
201	1330.34
202	1331.85
203	1329.48
204	1329.95
205	1330.41
206	1330.14
207	1331.26
208	1329.45
209	1331.26
210	1331.11
211	1330.8
212	1331.68
213	1330.55
214	1330.39
215	1330.74
216	1331.39
217	1329.86
218	1330.94
219	1330.61
220	1331.62
221	1331.18
222	1330.13
223	1331.94
224	1330.77
225	1332.4
226	1331.54
227	1330.42
228	1329.87
229	1330.54
230	1330.54
231	1332.41
232	1330.15
233	1330.35
234	1330.15
235	1331.54
236	1330.24
237	1331.72
238	1330.47
239	1331.83
240	1331.88
241	1330.66
242	1330.51
243	1330.26
244	1331.3
245	1331.31
246	1330.83
247	1330.97
248	1330.75
249	1332.59
250	1330.86
251	1330.13
252	1330.65
253	1331.82
254	1329.92
255	1330.72
256	1330.67
257	1330.37
258	1330.34
259	1331.39
260	1330.8
261	1330.59
262	1330.51
263	1329.98
264	1332.17
265	1331.66
266	1331.34
267	1331.17
268	1330.97
269	1330.39
270	1330.9
271	1331.43
272	1331.64
273	1331.52
274	1331.56
275	1331.31
276	1331.47
277	1330.96
278	1330.94
279	1331.5
280	1330.49
281	1330.99
282	1330.61
283	1331.33
284	1330.93
285	1330.33
286	1330.62
287	1331.29
288	1331.17
289	1331.2
290	1331.22
291	1331.53
292	1331.26
293	1330.53
294	1331.25
295	1331.15
296	1330.92
297	1330.9
298	1330.45
299	1330.56
300	1330.98
301	1330.72
302	1330.78
303	1330.92
304	1330.54
305	1330.99
306	1331.28
307	1330.69
308	1330.93
309	1331.86
310	1331.22
311	1331.34
312	1331.29
313	1331.32
314	1331.2
315	1330.81
316	1330.88
317	1330.81
318	1330.64
319	1330.61
320	1331.18
321	1330.73
322	1330.19
323	1330.9
324	1331.64
325	1330.88
326	1331.25
327	1331.35
328	1331.32
329	1331.2
330	1331.3
331	1331.58
332	1330.88
333	1331.09
334	1330.82
335	1331.25
336	1330.58
337	1329.87
338	1331.56
339	1330.51
340	1330.87
341	1331.33
342	1330.68
343	1330.1
344	1330.6
345	1330.41
346	1330.79
347	1331.38
348	1330.85
349	1330.98
350	1330.95
351	1331.3
352	1330.54
353	1331.27
354	1330.58
355	1331
356	1331.53
357	1330.97
358	1331.19
359	1331.04
360	1330.8
361	1331.11
362	1331.05
363	1331.01
364	1331.17
365	1331.27
366	1330.94
367	1331.02
368	1331.31
369	1330.94
370	1330.95
371	1331.32
372	1331.05
373	1330.92
374	1331.18
375	1330.98
376	1330.79
377	1330.91
378	1330.59
379	1331.07
380	1331.35
381	1331.03
382	1332.2
383	1330.69
384	1331.21
385	1330.86
386	1331.48
387	1331.19
388	1330.62
389	1330.68
390	1331.07
391	1330.83
392	1331.23
393	1331.03
394	1330.85
395	1331.08
396	1330.85
397	1331.47
398	1330.4
399	1331.65
400	1330.83
401	1330.58
402	1331.32
403	1331.47
404	1330.42
405	1331.09
406	1331
407	1331.51
408	1330.97
409	1330.84
410	1331.01
411	1330.92
412	1330.94
413	1331.16
414	1331.25
415	1330.72
416	1331.4
417	1330.88
418	1330.74
419	1331.22
420	1331.12
421	1331.03
422	1331.08
423	1331.14
424	1331.13
425	1331.18
426	1330.91
427	1330.98
428	1330.93
429	1331.15
430	1331.25
431	1331
432	1331.41
433	1330.81
434	1330.96
435	1331.26
436	1331.38
437	1330.88
438	1331.07
439	1330.7
440	1331.14
441	1331.05
442	1331.07
443	1330.87
444	1330.95
445	1331.18
446	1330.81
447	1331.15
448	1331.17
449	1331.11
450	1330.8
451	1331.17
452	1330.74
453	1330.97
454	1330.87
455	1330.84
456	1331.02
457	1330.74
458	1331.02
459	1331.09
460	1331.16
461	1330.79
462	1330.97
463	1331.01
464	1331.03
465	1330.89
466	1331.43
467	1330.99
468	1330.9
469	1330.64
470	1330.78
471	1330.94
472	1331.5
473	1331.31
474	1331.27
475	1331.07
476	1331
477	1330.92
478	1330.9
479	1330.89
480	1331
481	1330.95
482	1331.17
483	1331.12
484	1331.14
485	1331.06
486	1331.01
487	1331.18
488	1331.05
489	1331
490	1331.07
491	1330.93
492	1331.05
493	1331.07
494	1331.17
495	1331.09
496	1330.89
497	1330.87
498	1331.13
499	1331.01
500	1331.12
501	1331.06
502	1331.02
503	1331.04
504	1331.19
505	1331.02
506	1331.19
507	1331.1
508	1330.74
509	1331.02
510	1330.95
511	1331.02
512	1331.11
513	1331.01
514	1331
515	1331.02
516	1331.07
517	1331
518	1331.03
519	1331.05
520	1330.93
521	1330.96
522	1331.1
523	1331
524	1331.09
525	1330.9
526	1330.92
527	1331.13
528	1330.93
529	1331.01
530	1330.96
531	1331.06
532	1331.07
533	1330.97
534	1331.03
535	1331.09
536	1331
537	1331.07
538	1330.9
539	1330.9
540	1331.17
541	1330.93
542	1330.88
543	1331.07
544	1330.95
545	1331.08
546	1331
547	1331
548	1331.1
549	1330.92
550	1331.2
551	1331.06
552	1331
553	1331.18
554	1330.97
555	1330.95
556	1331.21
557	1331.11
558	1331.04
559	1330.91
560	1331.02
561	1331.09
562	1330.93
563	1331.06
564	1330.96
565	1330.94
566	1330.93
567	1331.05
568	1330.95
569	1331.08
570	1330.85
571	1331.06
572	1330.97
573	1330.99
574	1331
575	1330.95
576	1331.01
577	1331
578	1330.96
579	1330.96
580	1331
581	1331.07
582	1331.07
583	1331.02
584	1330.96
585	1331.1
586	1331.11
587	1331.01
588	1330.98
