Frame	Volume
1	913.049
2	911.803
3	910.383
4	905.276
5	899.927
6	907.167
7	905.238
8	901.985
9	905.062
10	908.195
11	907.424
12	905.382
13	907.55
14	904.469
15	904.197
16	904.479
17	905.499
18	906.607
19	903.232
20	904.469
21	905.84
22	904.814
23	903.313
24	905.983
25	905.811
26	906.418
27	903.391
28	904.379
29	905.431
30	904.653
31	905.471
32	905.07
33	905.569
34	906.368
35	905.906
36	905.498
37	904.535
38	905.692
39	903.949
40	904.262
41	905.627
42	904.211
43	904.102
44	905.51
45	905.405
46	904.635
47	904.38
48	905.08
49	905.105
50	904.732
51	904.837
52	904.523
53	905.009
54	904.784
55	906.311
56	904.267
57	905.585
58	903.672
59	905.01
60	905.614
61	904.479
62	906.226
63	904.637
64	905.236
65	905.209
66	905.599
67	905.564
68	903.931
69	905.954
70	905.327
71	905.251
72	904.761
73	904.999
74	904.702
75	904.854
76	904.113
77	905.268
78	904.634
79	904.833
80	905.655
81	905.488
82	905.086
83	905.502
84	904.653
85	905.157
86	905.286
87	904.299
88	904.427
89	905.342
90	905.569
91	905.747
92	905.173
93	905.773
94	905.117
95	904.978
96	905.823
97	905.138
98	904.703
99	905.28
100	905.146
101	905.602
102	904.736
103	905.07
104	905.089
105	905.555
106	905.293
107	905.324
108	905.045
109	905.112
110	905.153
111	904.952
112	904.299
113	905.723
114	905.371
115	905.418
116	905.667
117	904.742
118	905.566
119	905.158
120	905.809
121	904.898
122	904.949
123	905.075
124	905.293
125	905.681
126	904.955
127	904.908
128	904.947
129	905.14
130	905.081
131	905.43
132	905.153
133	904.884
134	905.206
135	904.611
136	905.529
137	905.129
138	905.44
139	905.344
140	905.494
141	905.07
142	905.159
143	905.403
144	904.93
145	905.15
146	904.878
147	904.897
148	904.636
149	905.537
150	905.634
151	904.957
152	905.425
153	905.479
154	906.104
155	905.016
156	905.324
157	905.205
158	904.891
159	904.889
160	905.172
161	905.55
162	905.397
163	905.186
164	904.727
165	904.964
166	904.906
167	904.508
168	904.724
169	904.82
170	905.314
171	905.054
172	905.127
173	905.052
174	904.988
175	905.289
176	905.623
177	905.528
178	905.238
179	904.695
180	905.167
181	905.172
182	904.886
183	905.299
184	905.254
185	905.311
186	905.184
187	905.848
188	904.835
189	904.691
190	905.291
191	904.973
192	905.531
193	904.87
194	905.057
195	904.976
196	905.245
197	905.307
198	904.877
199	904.631
200	905.299
201	904.848
202	905.152
203	905.118
204	904.89
205	905.438
206	905.305
207	904.728
208	904.847
209	905.443
210	905.829
211	905.288
212	905.756
213	905.408
214	905.46
215	905.482
216	904.343
217	905.059
218	905.344
219	905.001
220	905.157
221	905.401
222	905.448
223	905.456
224	905.462
225	905.012
226	905.751
227	905.105
228	905.322
229	905.397
230	905.695
231	905.024
232	905.377
233	905.364
234	905.44
235	904.668
236	904.65
237	904.667
238	904.945
239	905.534
240	904.74
241	905.047
242	905.457
243	905.103
244	905.308
245	905.193
246	905.299
247	905.242
248	905.052
249	905.288
250	905.571
251	905.264
252	905.165
253	904.99
254	905.063
255	905.034
256	904.751
257	904.641
258	904.983
259	905.105
260	905.427
261	904.813
262	905.24
263	905.223
264	905.492
265	905.363
266	905.27
267	905.066
268	905.11
269	905.445
270	905.075
271	905.072
272	905.045
273	905.256
274	904.918
275	905.098
276	905.08
277	905.144
278	905.225
279	905.362
280	905.248
281	905.17
282	905.233
283	904.974
284	905.093
285	905.345
286	905.172
287	905.216
288	905.358
289	905.342
290	905.204
291	905.187
292	905.132
293	905.273
294	905.049
295	905.199
296	905.037
297	904.927
298	905.274
299	905.081
300	905.382
301	904.941
302	905.264
303	904.971
304	905.218
305	905.306
306	905.029
307	905.021
308	905.122
309	905.345
310	905.045
311	905.022
312	905.185
313	904.862
314	905.263
315	905.055
316	905.096
317	905.334
318	904.99
319	905.223
320	905.164
321	905.614
322	905.088
323	905.008
324	905.146
325	905.12
326	905.318
327	905.1
328	905.423
329	905.192
330	905.366
331	905.066
332	905.26
333	905.259
334	905.27
335	905.343
336	904.97
337	905.085
338	905.022
339	904.85
340	905.143
341	905.029
342	905.429
343	905.269
344	905.565
345	905.088
346	905.034
347	905.004
348	905.116
349	904.756
350	905.296
351	905.376
352	905.131
353	905.255
354	905.243
355	905.181
356	905.206
357	905.058
358	905.363
359	905.094
360	905.177
361	905.372
362	905.363
363	905.114
364	905.035
365	905.185
366	905.042
367	904.904
368	905.491
369	904.972
370	905.054
371	905.094
372	905.122
373	905.049
374	904.95
375	905.244
376	905.067
377	905.045
378	905.393
379	905.68
380	905.309
381	905.157
382	905.123
383	905.322
384	904.887
385	905.352
386	905.352
387	905.108
388	904.733
389	904.879
390	904.745
391	905.136
392	905.214
393	905.037
394	905.067
395	905.242
396	905.035
397	905.397
398	905.199
399	905.139
400	905.158
401	905.44
402	904.921
403	905.073
404	905.405
405	905.144
406	905.168
407	905.303
408	905.217
409	905.153
410	905.168
411	905.177
412	905.129
413	905.085
414	905.135
415	905.227
416	904.962
417	905.243
418	905.154
419	905.196
420	905.236
421	905.179
422	905.272
423	905.172
424	905.198
425	905.174
426	905.155
427	905.204
428	905.143
429	905.207
430	905.125
431	905.147
432	905.203
433	905.141
434	905.182
435	905.187
436	905.171
437	905.145
438	905.205
439	905.201
440	905.188
441	905.229
442	905.235
443	905.163
444	905.113
445	905.213
446	905.169
447	905.215
448	905.21
449	905.169
450	905.197
451	905.159
452	905.142
453	905.154
454	905.18
455	905.191
456	905.107
457	905.263
458	905.19
459	905.148
460	905.273
461	905.179
462	905.107
463	905.202
464	905.136
465	905.186
466	905.251
467	905.126
468	905.178
469	905.248
470	905.24
471	905.145
472	905.191
473	905.118
474	905.205
475	905.241
476	905.16
477	905.221
478	905.166
479	905.206
480	905.151
481	905.199
482	905.262
483	905.227
484	905.208
485	905.277
486	905.106
487	905.145
488	905.219
489	905.179
490	905.201
491	905.219
492	905.189
493	905.28
494	905.074
495	905.186
496	905.152
497	905.338
498	905.103
499	905.195
500	905.1
501	905.156
502	905.081
503	905.127
504	905.256
505	905.19
506	905.216
507	905.028
508	905.144
509	905.244
510	905.148
511	905.152
512	905.184
513	905.219
514	905.226
515	905.111
516	905.187
517	905.218
518	905.135
519	905.191
520	905.173
521	905.225
522	905.199
523	905.159
524	905.231
525	905.19
526	905.183
527	905.203
528	905.146
529	905.179
530	905.151
531	905.187
532	905.188
533	905.181
534	905.227
535	905.179
536	905.193
537	905.237
538	905.127
539	905.199
540	905.143
541	905.136
542	905.238
543	905.237
544	905.207
545	905.18
546	905.224
547	905.098
548	905.227
549	905.196
550	905.039
551	905.179
552	905.144
553	905.099
554	905.223
555	905.19
556	905.167
557	905.156
558	905.199
559	905.183
560	905.167
561	905.198
562	905.208
563	905.181
564	905.207
565	905.078
566	905.206
567	905.229
568	905.16
569	905.142
570	905.11
571	905.047
572	905.128
573	905.095
574	905.264
575	905.187
576	905.224
577	905.064
578	905.191
579	905.187
580	905.206
581	905.158
582	905.228
583	905.139
584	905.326
585	905.235
586	905.193
587	905.263
588	905.239
