Frame	Volume
1	1514.27
2	1520.96
3	1517.07
4	1526.31
5	1536.95
6	1524.53
7	1526.78
8	1530.08
9	1530.57
10	1501.96
11	1523.56
12	1526.02
13	1523.85
14	1528.24
15	1529.24
16	1531.3
17	1525.99
18	1524.52
19	1527.65
20	1526.48
21	1528.27
22	1506.34
23	1528.11
24	1523.75
25	1528.54
26	1530.55
27	1529.34
28	1529.59
29	1505.07
30	1527.62
31	1525.94
32	1524.03
33	1523.2
34	1527.11
35	1505.54
36	1503.68
37	1529.89
38	1526.59
39	1507.16
40	1538.98
41	1528.62
42	1527.7
43	1527.02
44	1524.81
45	1525.87
46	1528.49
47	1528.29
48	1503.69
49	1527.64
50	1528.13
51	1527.22
52	1505.99
53	1525.88
54	1528.25
55	1526.13
56	1538.37
57	1526.44
58	1528.33
59	1527.5
60	1525.76
61	1528.97
62	1502.51
63	1538.72
64	1526.06
65	1527.13
66	1526.89
67	1527.11
68	1528.12
69	1525.82
70	1505.12
71	1527.2
72	1528.96
73	1527.78
74	1527.93
75	1526.93
76	1529.02
77	1526.35
78	1526.72
79	1527.74
80	1525.7
81	1526.47
82	1526.82
83	1526.39
84	1528.8
85	1527.29
86	1526.76
87	1527.12
88	1527.64
89	1527.41
90	1527.52
91	1526.47
92	1526.43
93	1526.72
94	1527.29
95	1526.74
96	1527.91
97	1527.92
98	1527.01
99	1527.48
100	1526.01
101	1527.07
102	1504.67
103	1527.07
104	1527.64
105	1527.17
106	1527.42
107	1527.06
108	1504.86
109	1526.69
110	1504.56
111	1504.83
112	1527.51
113	1527.08
114	1527.09
115	1504.96
116	1526.8
117	1527.31
118	1526.74
119	1527.62
120	1526.92
121	1527.32
122	1527.89
123	1526.76
124	1527.27
125	1527.43
126	1527.27
127	1527.03
128	1527.7
129	1526.67
130	1505.16
131	1527.27
132	1526.59
133	1526.86
134	1505.38
135	1527.67
136	1527.35
137	1504.42
138	1526.52
139	1527.49
140	1527
141	1527.16
142	1527.45
143	1527
144	1526.93
145	1504.53
146	1527.23
147	1504.79
148	1527.53
149	1526.45
150	1526.74
151	1526.95
152	1503.99
153	1526.87
154	1526.49
155	1526.85
156	1526.56
157	1527.32
158	1504.7
159	1526.96
160	1527.26
161	1526.9
162	1504.95
163	1504.57
164	1527.4
165	1527.62
166	1526.95
167	1505.32
168	1527.39
169	1527.45
170	1504.71
171	1515.72
172	1504.51
173	1527.18
174	1527.47
175	1527.18
176	1526.95
177	1526.73
178	1526.81
179	1527.59
180	1526.9
181	1504.76
182	1527.36
183	1538.02
184	1526.96
185	1504.68
186	1504.39
187	1527.32
188	1527.33
189	1527.44
190	1504.48
191	1527.18
192	1527.17
193	1527.57
194	1527.07
195	1537.85
196	1527.02
197	1527.01
198	1527.35
199	1505.4
200	1526.82
201	1527.63
202	1526.94
203	1504.73
204	1527.4
205	1504.75
206	1537.66
207	1527.4
208	1527.16
209	1527.19
210	1526.47
211	1526.76
212	1526.52
213	1527.27
214	1526.55
215	1527.17
216	1527.65
217	1504.42
218	1526.96
219	1527.43
220	1526.89
221	1527.04
222	1504.46
223	1526.59
224	1526.99
225	1526.75
226	1504.48
227	1527.18
228	1527.2
229	1526.74
230	1527.21
231	1527.56
232	1527.08
233	1527.09
234	1526.76
235	1527.13
236	1527.29
237	1527.32
238	1527.3
239	1527.12
240	1527.15
241	1526.86
242	1527.05
243	1527.07
244	1526.99
245	1527.22
246	1527.35
247	1527.05
248	1505.15
249	1527.07
250	1526.68
251	1526.87
252	1527.41
253	1527.04
254	1504.67
255	1526.72
256	1504.67
257	1527.34
258	1527
259	1526.73
260	1527.14
261	1527.15
262	1527.22
263	1527.5
264	1526.99
265	1526.73
266	1527.06
267	1527.04
268	1504.78
269	1527.23
270	1527.16
271	1526.95
272	1526.92
273	1527.03
274	1526.71
275	1527.21
276	1504.43
277	1537.83
278	1527.17
279	1527.27
280	1527.57
281	1527
282	1526.81
283	1526.63
284	1526.98
285	1527.35
286	1537.8
287	1527.16
288	1527.08
289	1527.46
290	1527.1
291	1527.34
292	1527.41
293	1537.87
294	1527.22
295	1526.75
296	1526.88
297	1526.98
298	1527.41
299	1527.18
300	1526.79
301	1527.17
302	1527.01
303	1526.82
304	1526.99
305	1526.45
306	1526.93
307	1504.71
308	1537.33
309	1527.54
310	1504.94
311	1527.89
312	1527.28
313	1527.12
314	1526.99
315	1505.11
316	1504.69
317	1527.21
318	1526.93
319	1526.91
320	1527.37
321	1526.8
322	1527.13
323	1527.03
324	1527.19
325	1504.83
326	1526.81
327	1527.18
328	1526.9
329	1526.64
330	1527.04
331	1537.6
332	1527.04
333	1526.62
334	1526.68
335	1527.04
336	1527.19
337	1526.89
338	1527.03
339	1527.54
340	1526.91
341	1527.18
342	1526.48
343	1537.52
344	1515.18
345	1527.32
346	1527.37
347	1527.05
348	1527.25
349	1527.48
350	1504.49
351	1526.85
352	1504.94
353	1526.77
354	1527.07
355	1527.31
356	1527.19
357	1527.01
358	1526.89
359	1527.3
360	1527.08
361	1527.14
362	1526.86
363	1537.74
364	1527.01
365	1526.96
366	1527.4
367	1527.32
368	1537.58
369	1504.8
370	1527.1
371	1527.14
372	1504.69
373	1527.18
374	1527.37
375	1527.24
376	1527.2
377	1527.15
378	1526.78
379	1526.67
380	1527.25
381	1527.47
382	1504.76
383	1537.63
384	1527.09
385	1527.07
386	1527.19
387	1527.23
388	1526.98
389	1527.24
390	1527.52
391	1526.93
392	1527.06
393	1527.29
394	1504.94
395	1526.96
396	1527.1
397	1526.99
398	1504.95
399	1527.51
400	1504.72
401	1526.92
402	1504.9
403	1527.12
404	1527.03
405	1527.17
406	1527.2
407	1527.03
408	1527.14
409	1527.17
410	1537.86
411	1527.22
412	1527.19
413	1526.99
414	1527.19
415	1527.12
416	1504.71
417	1526.96
418	1527.09
419	1527.08
420	1527.1
421	1527.11
422	1527
423	1527.22
424	1527.22
425	1527
426	1527.17
427	1527.15
428	1527.19
429	1527.16
430	1527.11
431	1527.22
432	1527.14
433	1527.19
434	1527.06
435	1527.06
436	1527.09
437	1527.11
438	1527.18
439	1527.1
440	1527.18
441	1526.9
442	1527.09
443	1527.07
444	1527.23
445	1527.11
446	1527.11
447	1527.14
448	1527.05
449	1527.14
450	1527.09
451	1527.12
452	1527.17
453	1527.21
454	1504.83
455	1527.08
456	1527.21
457	1504.91
458	1527.07
459	1527.22
460	1527.05
461	1527.19
462	1527.22
463	1527.2
464	1527.21
465	1527.16
466	1527.25
467	1527.06
468	1527.1
469	1527.21
470	1527.07
471	1527.24
472	1527.15
473	1527.23
474	1504.82
475	1527.17
476	1527.21
477	1527.16
478	1527.15
479	1527.24
480	1504.63
481	1527
482	1527.2
483	1527.12
484	1527.1
485	1504.9
486	1527.25
487	1527.15
488	1527.09
489	1527.19
490	1527.19
491	1526.91
492	1527.11
493	1527.06
494	1504.89
495	1527.13
496	1527.19
497	1527.06
498	1504.51
499	1527.1
500	1526.97
501	1527.16
502	1527.25
503	1527.2
504	1527.04
505	1527.09
506	1527.08
507	1527.32
508	1527.1
509	1526.82
510	1527.15
511	1527.18
512	1527.09
513	1504.46
514	1504.72
515	1527.09
516	1527.1
517	1504.46
518	1527.23
519	1527.12
520	1527.13
521	1527.15
522	1527.23
523	1527.2
524	1527.18
525	1527.2
526	1527.11
527	1527.11
528	1527.2
529	1526.89
530	1527.22
531	1527.11
532	1526.89
533	1527.24
534	1504.75
535	1504.76
536	1526.88
537	1527.12
538	1527.2
539	1527.12
540	1504.72
541	1526.92
542	1527.12
543	1527.18
544	1527.09
545	1527.15
546	1527.04
547	1537.73
548	1527.19
549	1527.22
550	1527.3
551	1527.23
552	1527.16
553	1527.19
554	1527.12
555	1527.11
556	1527.09
557	1527.13
558	1527.1
559	1527.14
560	1527.19
561	1527.1
562	1527.09
563	1527.2
564	1527.16
565	1504.86
566	1527.18
567	1527.14
568	1527.21
569	1527.16
570	1527.08
571	1527.18
572	1527.25
573	1527.19
574	1504.73
575	1526.94
576	1504.77
577	1527.27
578	1527.1
579	1527.08
580	1527.1
581	1527.17
582	1526.78
583	1527.21
584	1527.16
585	1527.16
586	1526.89
587	1526.96
588	1526.83
