Frame	Volume
1	863.653
2	837.337
3	859.338
4	852.006
5	858.889
6	845.67
7	863.959
8	852.05
9	864.53
10	856.774
11	858.99
12	860.988
13	861.543
14	862.917
15	860.807
16	861.67
17	863.24
18	860.45
19	860.857
20	858.458
21	859.759
22	858.586
23	862.472
24	859.525
25	860.744
26	859.831
27	860.698
28	860.015
29	858.708
30	860.359
31	860.571
32	857.891
33	860.46
34	861.098
35	859.999
36	860.777
37	859.53
38	860.256
39	859.503
40	858.818
41	860.985
42	859.21
43	859.756
44	858.708
45	859.705
46	860.636
47	859.53
48	860.354
49	859.351
50	860.851
51	859.539
52	858.121
53	859.027
54	861.406
55	860.601
56	860.068
57	859.654
58	859.747
59	859.101
60	859.184
61	858.39
62	859.345
63	859.421
64	861.743
65	859.797
66	859.439
67	859.47
68	860.149
69	860.225
70	860.064
71	860.081
72	860.119
73	860.612
74	860.777
75	859.167
76	859.919
77	859.079
78	860.493
79	859.869
80	860.49
81	860.166
82	859.05
83	860.837
84	860.242
85	860.176
86	859.124
87	859.207
88	859.684
89	860.167
90	860.232
91	859.643
92	860.212
93	859.934
94	859.908
95	860.436
96	859.518
97	859.099
98	859.808
99	859.447
100	859.937
101	859.965
102	859.838
103	859.605
104	859.426
105	859.184
106	859.405
107	860.72
108	859.705
109	860.188
110	860.464
111	860.257
112	860.204
113	860.26
114	859.63
115	859.66
116	859.96
117	859.171
118	859.924
119	859.633
120	859.848
121	860.699
122	859.813
123	859.281
124	859.062
125	859.898
126	860.134
127	859.846
128	859.449
129	859.485
130	860.351
131	860.076
132	859.051
133	859.828
134	860.159
135	859.405
136	859.971
137	859.464
138	859.977
139	860.614
140	859.951
141	860.013
142	859.723
143	859.65
144	859.693
145	859.752
146	859.489
147	859.848
148	860.192
149	860
150	859.242
151	859.801
152	859.825
153	859.892
154	859.956
155	860.256
156	859.646
157	860.43
158	859.777
159	860.217
160	860.082
161	859.878
162	860.164
163	859.43
164	859.898
165	859.829
166	859.978
167	859.657
168	859.518
169	859.802
170	860.256
171	859.631
172	860.429
173	859.642
174	860.543
175	859.988
176	859.972
177	860.032
178	859.89
179	859.706
180	859.757
181	859.867
182	859.639
183	859.735
184	859.879
185	859.719
186	859.897
187	859.68
188	859.697
189	860.006
190	859.564
191	859.783
192	859.808
193	859.554
194	859.364
195	859.965
196	860.305
197	859.667
198	859.816
199	860.048
200	859.698
201	859.922
202	859.046
203	859.853
204	860.109
205	858.97
206	859.689
207	859.873
208	859.599
209	859.361
210	860.047
211	859.881
212	859.6
213	859.594
214	860.041
215	859.704
216	859.921
217	859.505
218	860.025
219	859.637
220	859.961
221	859.615
222	859.708
223	859.918
224	859.943
225	859.703
226	860.161
227	860.039
228	859.348
229	859.842
230	860.205
231	859.666
232	860.037
233	860.103
234	859.773
235	859.705
236	859.905
237	860.233
238	859.486
239	859.499
240	859.572
241	860.166
242	859.946
243	859.747
244	859.634
245	859.911
246	859.27
247	859.775
248	859.718
249	859.755
250	859.957
251	860.582
252	859.889
253	859.946
254	859.82
255	860.33
256	859.821
257	859.64
258	859.547
259	859.451
260	859.987
261	859.629
262	860.299
263	859.716
264	860.134
265	859.702
266	859.967
267	859.521
268	859.375
269	860.163
270	859.916
271	860.174
272	860.055
273	860.143
274	860.086
275	859.303
276	859.428
277	860.222
278	860.16
279	859.867
280	859.557
281	859.917
282	859.732
283	859.775
284	859.948
285	859.498
286	859.498
287	859.713
288	859.556
289	860.013
290	859.852
291	859.773
292	859.674
293	859.691
294	859.832
295	859.693
296	860.244
297	859.784
298	859.486
299	859.637
300	859.519
301	859.617
302	859.68
303	859.566
304	859.734
305	859.824
306	859.825
307	859.678
308	860.125
309	859.934
310	859.951
311	859.875
312	859.951
313	859.725
314	859.505
315	859.777
316	859.996
317	859.854
318	859.915
319	859.732
320	859.946
321	860.079
322	859.753
323	859.529
324	859.78
325	859.899
326	859.794
327	859.639
328	860.034
329	859.764
330	859.846
331	859.782
332	860.077
333	859.375
334	859.788
335	859.638
336	859.78
337	859.747
338	859.839
339	859.873
340	859.781
341	859.793
342	859.725
343	859.935
344	859.865
345	859.722
346	859.591
347	859.717
348	859.79
349	859.7
350	859.742
351	859.793
352	859.778
353	859.92
354	859.789
355	859.838
356	859.933
357	859.863
358	859.902
359	859.775
360	859.698
361	859.98
362	859.822
363	859.819
364	859.919
365	859.645
366	859.926
367	859.733
368	859.685
369	859.826
370	859.828
371	859.86
372	859.611
373	859.693
374	859.832
375	859.954
376	859.646
377	859.793
378	859.608
379	859.601
380	859.975
381	859.984
382	859.952
383	859.606
384	859.848
385	859.812
386	859.753
387	859.95
388	859.779
389	859.76
390	859.84
391	859.864
392	859.769
393	859.897
394	859.756
395	859.871
396	859.858
397	859.899
398	859.745
399	859.846
400	859.937
401	859.822
402	859.856
403	859.97
404	859.991
405	859.916
406	859.887
407	859.901
408	859.95
409	859.807
410	859.865
411	859.705
412	859.73
413	859.845
414	859.654
415	859.632
416	859.848
417	859.896
418	859.627
419	859.817
420	859.835
421	859.737
422	859.841
423	859.881
424	859.65
425	859.607
426	859.73
427	859.709
428	859.727
429	859.721
430	859.928
431	859.724
432	859.831
433	859.666
434	859.784
435	859.938
436	859.845
437	859.821
438	859.756
439	859.912
440	859.852
441	859.688
442	859.857
443	859.878
444	859.834
445	859.92
446	859.823
447	859.719
448	859.825
449	859.761
450	859.798
451	859.844
452	859.748
453	859.766
454	859.797
455	859.77
456	859.898
457	859.806
458	859.853
459	859.846
460	859.719
461	859.845
462	859.77
463	859.906
464	859.678
465	859.841
466	859.775
467	859.789
468	859.89
469	859.755
470	859.994
471	859.727
472	859.833
473	859.73
474	859.714
475	859.94
476	859.839
477	859.747
478	859.772
479	859.774
480	859.804
481	859.919
482	859.716
483	859.954
484	859.796
485	859.825
486	859.844
487	859.674
488	859.802
489	859.689
490	859.856
491	859.795
492	859.743
493	859.857
494	859.86
495	859.622
496	859.887
497	859.767
498	859.654
499	859.765
500	859.742
501	859.868
502	859.823
503	859.656
504	859.769
505	859.852
506	859.799
507	859.768
508	859.917
509	859.942
510	859.679
511	859.699
512	859.914
513	859.789
514	859.923
515	859.783
516	859.62
517	859.817
518	859.84
519	859.663
520	859.887
521	859.738
522	859.85
523	859.842
524	859.822
525	859.793
526	859.805
527	859.866
528	859.746
529	859.735
530	859.428
531	859.937
532	859.585
533	859.724
534	859.78
535	859.732
536	859.769
537	859.854
538	859.909
539	859.587
540	859.915
541	859.791
542	859.863
543	859.701
544	859.996
545	859.462
546	859.647
547	859.826
548	859.703
549	859.663
550	860.005
551	859.558
552	859.623
553	859.837
554	859.479
555	859.77
556	859.936
557	859.803
558	860.022
559	859.718
560	859.961
561	859.498
562	859.925
563	859.872
564	859.725
565	859.719
566	859.727
567	859.714
568	859.939
569	859.859
570	859.81
571	860.045
572	860.068
573	859.892
574	859.785
575	859.787
576	859.669
577	859.875
578	859.425
579	859.796
580	859.631
581	859.58
582	859.734
583	859.705
584	859.82
585	859.896
586	859.819
587	859.734
588	859.822
589	859.69
590	859.789
591	859.717
592	859.893
593	859.775
594	859.81
595	859.695
596	859.807
597	859.798
598	859.716
599	859.907
600	859.718
601	859.71
602	859.804
603	859.802
604	859.772
605	859.776
606	859.874
607	859.774
608	859.68
609	859.852
610	859.795
611	859.871
612	859.708
613	859.95
614	859.839
615	859.721
616	859.85
617	859.835
618	859.805
619	859.782
620	859.851
621	859.644
622	859.936
623	859.903
624	859.769
625	859.84
626	859.787
627	859.775
628	859.767
629	859.707
630	859.761
631	859.748
632	859.827
633	859.794
634	859.711
635	859.867
636	859.913
637	859.667
638	859.808
639	859.82
640	859.747
641	859.802
642	859.822
643	859.841
644	859.854
645	859.791
646	859.726
647	860.017
648	859.749
649	859.752
650	859.767
651	859.95
652	859.949
653	859.83
654	860.028
655	859.986
656	859.857
657	859.829
658	859.77
659	859.748
660	859.641
661	859.714
662	859.813
663	859.776
664	859.785
665	859.762
666	859.804
667	859.791
668	859.779
669	859.826
670	859.782
671	859.767
672	859.795
673	859.793
674	859.813
675	859.812
676	859.737
677	859.778
678	859.821
679	859.665
680	859.74
681	859.745
682	859.796
683	859.754
684	859.751
685	859.803
686	859.834
687	859.865
688	859.779
689	859.844
690	859.699
691	859.794
692	859.799
693	859.755
694	859.752
695	859.753
696	859.8
697	859.835
698	859.84
699	859.831
700	859.608
701	859.742
702	859.82
703	859.775
704	859.787
705	859.8
706	859.799
707	859.781
708	859.811
709	859.789
710	859.785
711	859.805
712	859.761
713	859.781
714	859.775
715	859.789
716	859.821
717	859.795
718	859.781
719	859.785
720	859.796
721	859.789
722	859.808
723	859.796
724	859.776
725	859.793
726	859.796
727	859.794
728	859.793
729	859.807
730	859.795
731	859.796
732	859.803
733	859.781
734	859.812
735	859.803
736	859.808
737	859.807
738	859.824
739	859.775
740	859.794
741	859.813
742	859.791
743	859.775
744	859.788
745	859.796
746	859.812
747	859.796
748	859.819
749	859.793
750	859.796
751	859.798
752	859.79
753	859.818
754	859.793
755	859.802
756	859.813
757	859.772
758	859.808
759	859.794
760	859.796
761	859.798
762	859.803
763	859.784
764	859.803
765	859.807
766	859.792
767	859.775
768	859.847
769	859.809
770	859.803
771	859.809
772	859.752
773	859.763
774	859.795
775	859.796
776	859.814
777	859.784
778	859.789
779	859.791
780	859.74
781	859.81
782	859.802
783	859.81
784	859.79
785	859.789
786	859.796
787	859.8
788	859.796
789	859.797
790	859.796
791	859.796
792	859.796
793	859.796
794	859.801
795	859.805
