Frame	Volume
1	1313.45
2	1343.94
3	1320.87
4	1322.06
5	1330.81
6	1332.35
7	1332.34
8	1332.99
9	1327.77
10	1332.21
11	1323.51
12	1328.23
13	1330.74
14	1333.73
15	1330.22
16	1332.37
17	1331.43
18	1333.07
19	1331.69
20	1332.27
21	1329.87
22	1330.23
23	1331.61
24	1330.66
25	1330.84
26	1331.25
27	1332.08
28	1331.49
29	1328.97
30	1332.86
31	1328.72
32	1329.41
33	1330.6
34	1330.21
35	1331.99
36	1330.59
37	1330.67
38	1330.94
39	1331.37
40	1332.09
41	1329.54
42	1331.13
43	1331.84
44	1331.07
45	1330.9
46	1332.37
47	1331.56
48	1332
49	1329.48
50	1331.64
51	1329.23
52	1330.13
53	1330.04
54	1331.49
55	1331.44
56	1330.87
57	1329.46
58	1331.91
59	1330.27
60	1331.15
61	1331.76
62	1331.71
63	1330.35
64	1331.81
65	1330.23
66	1331.28
67	1331.67
68	1330.13
69	1330.01
70	1332.03
71	1331.32
72	1332.07
73	1330.36
74	1330.95
75	1329.71
76	1331.87
77	1330.83
78	1331.05
79	1331.78
80	1331.29
81	1332.31
82	1331.23
83	1330.89
84	1331.34
85	1331.01
86	1331.97
87	1330.25
88	1330.99
89	1331.65
90	1331.37
91	1327.62
92	1330.25
93	1331.78
94	1330.69
95	1331.2
96	1330.84
97	1331.18
98	1330.96
99	1331.73
100	1330.56
101	1331.68
102	1328.45
103	1330.33
104	1331.93
105	1331.4
106	1331.34
107	1331.74
108	1331.6
109	1331.17
110	1331.23
111	1331.14
112	1330.99
113	1330.73
114	1331.64
115	1331.14
116	1330.64
117	1331.22
118	1331.12
119	1331.1
120	1331.02
121	1330.98
122	1330.81
123	1330.75
124	1331.66
125	1331
126	1331.57
127	1331.2
128	1331.6
129	1331.42
130	1330.89
131	1330.21
132	1331.56
133	1331.66
134	1330.8
135	1330.97
136	1331.22
137	1331.32
138	1331.46
139	1330.18
140	1331.05
141	1330.99
142	1330.31
143	1330.79
144	1330.99
145	1330.44
146	1331.23
147	1331.3
148	1330.99
149	1331.04
150	1331.38
151	1330.83
152	1330.91
153	1330.62
154	1330.98
155	1331.12
156	1330.6
157	1330.93
158	1331.15
159	1330.86
160	1331.36
161	1330.63
162	1331.13
163	1331.21
164	1330.72
165	1330.77
166	1331.13
167	1331.26
168	1331.29
169	1330.76
170	1330.97
171	1330.64
172	1331.09
173	1330.48
174	1330.92
175	1331.18
176	1331.43
177	1330.85
178	1330.63
179	1331
180	1331.58
181	1330.98
182	1331.08
183	1330.59
184	1330.74
185	1331.2
186	1331.02
187	1330.96
188	1331.15
189	1331.29
190	1331.04
191	1331.04
192	1330.78
193	1331.11
194	1330.78
195	1331.17
196	1330.67
197	1330.75
198	1330.83
199	1330.97
200	1331.01
201	1331.18
202	1330.74
203	1331.49
204	1331.35
205	1331.22
206	1331.37
207	1330.83
208	1331.51
209	1330.9
210	1331.01
211	1331.02
212	1330.72
213	1331.18
214	1331.18
215	1331.14
216	1330.82
217	1331.42
218	1331.06
219	1331.17
220	1330.75
221	1330.96
222	1331.25
223	1330.73
224	1331.11
225	1330.65
226	1330.9
227	1331.15
228	1331.36
229	1331.13
230	1331.16
231	1330.52
232	1331.34
233	1331.19
234	1331.21
235	1330.86
236	1331.21
237	1330.72
238	1331.22
239	1330.7
240	1330.76
241	1331.06
242	1331.23
243	1331.33
244	1330.94
245	1330.9
246	1331.13
247	1331
248	1331.2
249	1330.53
250	1331.12
251	1331.26
252	1331.19
253	1330.7
254	1331.34
255	1331.07
256	1331.12
257	1331.2
258	1331.17
259	1330.93
260	1331.05
261	1331.15
262	1331.21
263	1331.35
264	1330.63
265	1330.81
266	1330.92
267	1331.03
268	1331.09
269	1331.23
270	1331.04
271	1330.75
272	1330.78
273	1330.8
274	1330.83
275	1330.9
276	1330.87
277	1330.99
278	1330.99
279	1330.88
280	1331.18
281	1331.06
282	1331.12
283	1330.93
284	1331.01
285	1331.24
286	1331.12
287	1330.91
288	1330.91
289	1330.96
290	1330.91
291	1330.86
292	1330.91
293	1331.17
294	1330.88
295	1330.92
296	1331.08
297	1331.12
298	1331.26
299	1331.18
300	1330.96
301	1331.14
302	1330.99
303	1331.02
304	1331.13
305	1331.05
306	1330.91
307	1331.12
308	1331.03
309	1330.78
310	1330.97
311	1330.91
312	1330.93
313	1330.95
314	1330.94
315	1331.08
316	1331.07
317	1331.12
318	1331.18
319	1331.14
320	1331
321	1331.14
322	1331.27
323	1331.09
324	1330.86
325	1331.09
326	1330.98
327	1330.94
328	1330.97
329	1330.95
330	1330.96
331	1330.8
332	1331.02
333	1331.02
334	1331.07
335	1330.93
336	1331.12
337	1331.38
338	1330.79
339	1331.18
340	1330.99
341	1330.88
342	1331.07
343	1331.33
344	1331.17
345	1331.25
346	1331.12
347	1330.86
348	1330.99
349	1331.1
350	1331.05
351	1330.94
352	1331.16
353	1330.93
354	1331.19
355	1330.99
356	1330.85
357	1331.03
358	1330.96
359	1330.96
360	1331.14
361	1331.01
362	1331.01
363	1331
364	1330.94
365	1330.89
366	1331.07
367	1331.02
368	1330.84
369	1331.09
370	1330.98
371	1330.84
372	1331.03
373	1331.02
374	1330.91
375	1331.03
376	1331.07
377	1331.05
378	1331.21
379	1330.97
380	1330.88
381	1331.03
382	1330.66
383	1331.14
384	1330.92
385	1330.99
386	1330.84
387	1330.94
388	1331.12
389	1331.14
390	1330.96
391	1331.06
392	1330.96
393	1331
394	1330.97
395	1330.93
396	1331.04
397	1330.91
398	1331.23
399	1330.86
400	1330.98
401	1331.12
402	1330.97
403	1330.91
404	1331.18
405	1330.97
406	1330.94
407	1330.88
408	1331.02
409	1331.12
410	1331
411	1330.96
412	1330.98
413	1331.03
414	1330.97
415	1331.08
416	1330.88
417	1331.07
418	1331.09
419	1330.97
420	1331.03
421	1331
422	1331.02
423	1330.96
424	1330.95
425	1330.94
426	1330.98
427	1331.06
428	1331.03
429	1331
430	1330.96
431	1330.97
432	1330.86
433	1331.09
434	1331.02
435	1330.97
436	1330.92
437	1331.05
438	1331
439	1331.11
440	1330.94
441	1331.03
442	1330.98
443	1331.07
444	1331.07
445	1330.95
446	1331.04
447	1331.01
448	1330.94
449	1330.99
450	1331.06
451	1330.96
452	1331.06
453	1331.02
454	1331.08
455	1331.02
456	1330.98
457	1331.03
458	1330.98
459	1331.01
460	1330.96
461	1331.08
462	1331.03
463	1331.04
464	1331.05
465	1331.08
466	1330.88
467	1331.03
468	1331.07
469	1331.11
470	1331.07
471	1331.01
472	1330.87
473	1330.95
474	1330.9
475	1330.97
476	1331
477	1331.04
478	1331.08
479	1331.09
480	1331.03
481	1330.99
482	1330.97
483	1331.01
484	1330.97
485	1330.99
486	1331.03
487	1330.96
488	1331.01
489	1331
490	1330.96
491	1331.07
492	1331.02
493	1331.01
494	1331
495	1330.97
496	1331.12
497	1331.02
498	1330.94
499	1331
500	1331.02
501	1331.02
502	1330.99
503	1331.03
504	1330.99
505	1331.02
506	1330.96
507	1331
508	1331.03
509	1331.04
510	1331.02
511	1331.02
512	1331
513	1331.04
514	1331
515	1331.01
516	1331
517	1331.04
518	1331.01
519	1331.04
520	1331.01
521	1331.04
522	1331
523	1330.98
524	1331
525	1331.04
526	1331.01
527	1330.98
528	1331.03
529	1331
530	1331
531	1330.98
532	1331
533	1331.01
534	1331.02
535	1331
536	1331.01
537	1331
538	1331.1
539	1331.07
540	1330.95
541	1331.01
542	1331.1
543	1331.01
544	1331.04
545	1330.99
546	1331
547	1330.98
548	1331
549	1331.04
550	1330.97
551	1331.01
552	1331.01
553	1330.99
554	1330.99
555	1331.02
556	1330.96
557	1330.99
558	1331.02
559	1331.06
560	1330.97
561	1330.99
562	1331.02
563	1331.01
564	1331.02
565	1331.07
566	1331.01
567	1331
568	1331.02
569	1331.01
570	1331.04
571	1331.01
572	1331.02
573	1331.02
574	1331.02
575	1331.01
576	1331.03
577	1331.02
578	1331.01
579	1331.04
580	1331.02
581	1331
582	1331.01
583	1330.98
584	1331.04
585	1330.98
586	1330.98
587	1331
588	1331.01
