Frame	Volume
1	756.15
2	761.155
3	745.074
4	756.342
5	749.83
6	747.53
7	745.541
8	749.477
9	755.085
10	748.222
11	751.041
12	747.882
13	750.092
14	749.343
15	750.935
16	750.013
17	750.12
18	750.117
19	749.278
20	750.117
21	749.202
22	750.299
23	749.241
24	751.058
25	750.647
26	750.703
27	749.854
28	748.675
29	749.681
30	750.278
31	749.857
32	749.804
33	749.783
34	750.567
35	749.594
36	749.982
37	750.239
38	749.943
39	750.116
40	749.937
41	751.515
42	750.413
43	749.602
44	749.971
45	749.764
46	749.313
47	751.194
48	749.127
49	749.299
50	750.916
51	750.752
52	750.322
53	750.332
54	749.05
55	750.446
56	749.807
57	750.434
58	750.589
59	750.097
60	750.433
61	749.707
62	750.791
63	749.607
64	749.659
65	750.194
66	750.154
67	750.081
68	750.01
69	750.089
70	750.387
71	749.807
72	750.599
73	749.909
74	749.481
75	750.348
76	749.742
77	749.906
78	750.07
79	749.98
80	750.03
81	750.01
82	749.971
83	750.081
84	750.244
85	749.615
86	749.847
87	750.647
88	749.956
89	750.349
90	750.146
91	749.882
92	750.391
93	749.484
94	750.184
95	750.22
96	750.367
97	750.325
98	749.982
99	750.358
100	749.62
101	750.242
102	750.272
103	750.276
104	749.857
105	749.734
106	749.823
107	749.864
108	750.312
109	749.919
110	749.95
111	750.031
112	750.004
113	750.384
114	750.204
115	750.056
116	749.881
117	749.46
118	749.912
119	750.429
120	750.162
121	750.131
122	749.965
123	749.998
124	750.093
125	750.266
126	749.988
127	750.189
128	750.522
129	749.594
130	749.735
131	750.413
132	750.466
133	750.309
134	749.604
135	749.911
136	749.986
137	749.999
138	749.827
139	750.5
140	750.105
141	750.244
142	750.37
143	750.03
144	750.142
145	750.232
146	749.911
147	749.974
148	750.084
149	750.176
150	750.196
151	749.928
152	749.869
153	750.077
154	750.001
155	750.052
156	750.108
157	750.126
158	750.038
159	750.105
160	750.143
161	750.335
162	749.969
163	750.407
164	749.882
165	750.306
166	750.289
167	749.822
168	750.263
169	750.084
170	750.354
171	750.105
172	749.989
173	750.057
174	749.999
175	750.416
176	750.199
177	750.364
178	749.992
179	749.736
180	750.018
181	749.813
182	750.139
183	750.277
184	750.108
185	749.966
186	750.118
187	749.627
188	750.042
189	750.127
190	749.752
191	749.84
192	749.806
193	750.509
194	749.798
195	750.376
196	749.81
197	749.558
198	749.896
199	749.569
200	750.439
201	750.255
202	750.042
203	750.014
204	749.221
205	750.352
206	750.068
207	750.298
208	749.961
209	750.15
210	750.022
211	750.422
212	749.989
213	750.384
214	749.938
215	749.777
216	749.915
217	750.308
218	750.013
219	750.125
220	750.164
221	750.104
222	749.858
223	750.086
224	750.07
225	750.047
226	750.417
227	750.03
228	750.047
229	749.963
230	750.247
231	750.119
232	750.063
233	750.013
234	750.067
235	750.19
236	750.092
237	750.267
238	750.05
239	750.185
240	750.06
241	749.995
242	749.983
243	750.094
244	750.154
245	750.052
246	750.327
247	750.159
248	749.96
249	749.979
250	749.937
251	750.122
252	750.165
253	750.144
254	750.053
255	750.033
256	750.031
257	750.013
258	750.09
259	750.184
260	750.113
261	750.034
262	750.143
263	749.953
264	750.197
265	750.259
266	750.072
267	750.106
268	750.105
269	750.145
270	750.023
271	750.113
272	749.999
273	750.101
274	750.119
275	750.131
276	750.233
277	750.037
278	750.03
279	750.12
280	750.103
281	750.112
282	750.12
283	750.031
284	750.142
285	750.095
286	750.093
287	749.98
288	750.062
289	749.99
290	750.016
291	750.035
292	750.014
293	750.046
294	750.194
295	750.087
296	750.093
297	750.099
298	750.049
299	750.134
300	750.045
301	750.013
302	749.991
303	750.063
304	749.995
305	750.018
306	750.037
307	749.986
308	750.2
309	750.208
310	750.142
311	750.077
312	750.028
313	749.982
314	750.075
315	749.944
316	750.132
317	750.13
318	750.11
319	750.077
320	750.094
321	750.163
322	750.066
323	750.039
324	750.092
325	750.069
326	750.144
327	750.027
328	750.043
329	750.105
330	750.054
331	749.946
332	749.936
333	750.127
334	750.03
335	750.037
336	750.073
337	750.075
338	750.091
339	750.073
340	750.084
341	750.006
342	749.975
343	750.159
344	750.052
345	749.994
346	750.193
347	750.047
348	750.057
349	750.081
350	750.064
351	750.047
352	750.053
353	750.11
354	750.073
355	750.066
356	750.037
357	750.058
358	750.057
359	750.127
360	750.075
361	749.982
362	750.074
363	749.997
364	750.028
365	750.038
366	750.012
367	750.087
368	750.053
369	750.107
370	750.083
371	750.028
372	750.026
373	750.006
374	750.055
375	750.025
376	750.061
377	750.127
378	750.044
379	750.084
380	750.047
381	750.12
382	750.147
383	750.081
384	750.021
385	750.038
386	750.07
387	750.071
388	750.047
389	750.077
390	750.037
391	750.029
392	750.034
393	750.101
394	750.064
395	750.021
396	750.044
397	750.089
398	750.095
399	750.133
400	750.07
401	750.046
402	750.071
403	750.055
404	750.071
405	750.062
406	750.054
407	750.081
408	750.119
409	750.015
410	750.095
411	750.081
412	750.079
413	750.089
414	750.042
415	750.056
416	750.056
417	750.085
418	750.113
419	750.057
420	750.046
421	750.036
422	750.04
423	750.075
424	750.077
425	750.07
426	750.065
427	750.074
428	750.081
429	750.107
430	750.073
431	750.058
432	750.06
433	750.09
434	750.05
435	750.042
436	750.053
437	750.034
438	750.053
439	750.066
440	750.051
441	750.116
442	750.085
443	750.091
444	750.134
445	750.062
446	750.109
447	750.087
448	749.961
449	750.021
450	750.057
451	750.064
452	750.064
453	750.068
