Frame	Volume
1	1306.11
2	1351.15
3	1317.81
4	1317.61
5	1330.77
6	1333.12
7	1333.13
8	1334.12
9	1326.48
10	1334.62
11	1321.74
12	1326.79
13	1325.57
14	1335.19
15	1324.44
16	1333
17	1331.63
18	1333.97
19	1332.19
20	1332.9
21	1329.36
22	1329.85
23	1331.92
24	1330.51
25	1330.81
26	1331.34
27	1332.61
28	1331.82
29	1328.03
30	1333.9
31	1327.61
32	1328.67
33	1330.51
34	1329.87
35	1332.58
36	1330.46
37	1330.61
38	1330.65
39	1331.54
40	1332.74
41	1328.9
42	1331.08
43	1332.26
44	1331.03
45	1330.81
46	1333.05
47	1331.76
48	1332.51
49	1328.9
50	1331.95
51	1328.34
52	1329.59
53	1329.47
54	1331.79
55	1331.75
56	1330.76
57	1328.59
58	1332.45
59	1329.83
60	1331.21
61	1332.13
62	1332.02
63	1329.95
64	1332.32
65	1329.93
66	1331.5
67	1326.97
68	1329.78
69	1329.44
70	1332.5
71	1331.51
72	1332.58
73	1330
74	1330.95
75	1328.95
76	1332.29
77	1330.73
78	1331.04
79	1332.3
80	1331.44
81	1332.99
82	1331.39
83	1331.01
84	1331.53
85	1331.11
86	1332.5
87	1329.83
88	1330.86
89	1331.81
90	1331.5
91	1327.19
92	1329.9
93	1328.01
94	1330.57
95	1331.28
96	1330.81
97	1331.3
98	1331.06
99	1332.09
100	1326.52
101	1331.94
102	1328.24
103	1330.12
104	1332.47
105	1331.63
106	1331.29
107	1332.21
108	1331.97
109	1331.28
110	1331.31
111	1331.29
112	1330.95
113	1330.55
114	1331.87
115	1331.13
116	1330.57
117	1331.4
118	1331.06
119	1331.2
120	1331.02
121	1331.11
122	1330.73
123	1330.67
124	1332.14
125	1331.04
126	1331.84
127	1331.35
128	1331.86
129	1331.87
130	1330.94
131	1329.84
132	1331.8
133	1332.05
134	1330.74
135	1330.98
136	1331.35
137	1331.5
138	1331.77
139	1329.71
140	1331.12
141	1331.08
142	1329.93
143	1330.62
144	1331.04
145	1330.04
146	1331.34
147	1331.35
148	1330.99
149	1331.12
150	1331.46
151	1330.77
152	1330.79
153	1330.47
154	1331.05
155	1331.16
156	1330.38
157	1330.82
158	1331.21
159	1330.79
160	1331.43
161	1330.49
162	1331.22
163	1331.25
164	1330.57
165	1330.77
166	1331.07
167	1331.33
168	1331.28
169	1330.65
170	1331.01
171	1330.54
172	1331.08
173	1330.22
174	1330.77
175	1331.27
176	1331.6
177	1330.86
178	1330.39
179	1331.04
180	1331.88
181	1330.97
182	1331.23
183	1330.48
184	1330.63
185	1331.25
186	1331.24
187	1330.97
188	1331.19
189	1331.35
190	1331.07
191	1330.98
192	1330.61
193	1331.21
194	1330.79
195	1331.2
196	1330.52
197	1330.66
198	1330.8
199	1331.08
200	1331.12
201	1331.37
202	1330.56
203	1331.74
204	1331.68
205	1331.32
206	1331.56
207	1330.88
208	1331.91
209	1330.96
210	1331.08
211	1330.99
212	1330.68
213	1331.16
214	1331.33
215	1331.19
216	1330.79
217	1331.51
218	1331.07
219	1331.22
220	1330.64
221	1331.03
222	1331.44
223	1330.59
224	1331.06
225	1330.28
226	1330.68
227	1331.27
228	1331.57
229	1331.12
230	1331.22
231	1330.22
232	1331.52
233	1331.39
234	1331.38
235	1330.74
236	1331.33
237	1330.59
238	1331.37
239	1330.7
240	1330.6
241	1331.29
242	1331.35
243	1331.28
244	1330.83
245	1330.88
246	1331.13
247	1330.99
248	1331.24
249	1330.26
250	1331.17
251	1331.48
252	1331.3
253	1330.55
254	1331.53
255	1331.25
256	1331.15
257	1331.42
258	1331.39
259	1330.83
260	1331.08
261	1331.16
262	1331.25
263	1331.51
264	1330.46
265	1330.64
266	1330.8
267	1330.87
268	1331.04
269	1331.35
270	1331.05
271	1330.84
272	1330.69
273	1330.72
274	1330.79
275	1330.81
276	1330.68
277	1331.08
278	1330.99
279	1330.73
280	1331.22
281	1330.97
282	1331.17
283	1330.86
284	1330.94
285	1331.42
286	1331.21
287	1330.83
288	1330.92
289	1330.84
290	1330.9
291	1330.78
292	1330.85
293	1331.25
294	1330.97
295	1331.01
296	1330.94
297	1331.08
298	1331.33
299	1331.33
300	1331.04
301	1331.08
302	1331.2
303	1331.03
304	1331.23
305	1331.01
306	1330.97
307	1331.16
308	1331.08
309	1330.54
310	1330.91
311	1330.82
312	1330.9
313	1330.82
314	1330.88
315	1331.19
316	1331.04
317	1331.1
318	1331.23
319	1331.21
320	1331
321	1331.14
322	1331.38
323	1331.04
324	1330.75
325	1331.08
326	1330.92
327	1330.87
328	1330.87
329	1330.91
330	1330.79
331	1330.68
332	1331.17
333	1331.02
334	1331.09
335	1330.9
336	1331.24
337	1331.48
338	1330.74
339	1331.3
340	1331.1
341	1330.84
342	1331.18
343	1331.47
344	1331.16
345	1331.36
346	1331.08
347	1330.84
348	1330.89
349	1331.01
350	1331.07
351	1330.81
352	1331.2
353	1330.97
354	1331.18
355	1331.02
356	1330.67
357	1330.96
358	1330.84
359	1330.96
360	1331.16
361	1331.01
362	1331.03
363	1331.06
364	1330.94
365	1330.88
366	1331.05
367	1330.98
368	1330.9
369	1331.07
370	1331.02
371	1330.82
372	1331.02
373	1331.03
374	1330.93
375	1331.08
376	1331.13
377	1331.01
378	1331.3
379	1331.02
380	1330.79
381	1330.99
382	1330.43
383	1331.19
384	1330.87
385	1331.08
386	1330.79
387	1330.95
388	1331.29
389	1331.18
390	1330.89
391	1331.11
392	1330.87
393	1330.98
394	1331.11
395	1330.95
396	1331.13
397	1330.79
398	1331.27
399	1330.68
400	1331.11
401	1331.2
402	1330.92
403	1330.75
404	1331.3
405	1330.93
406	1331.05
407	1330.76
408	1331.05
409	1331.13
410	1330.95
411	1330.94
412	1331.01
413	1330.98
414	1330.91
415	1331.11
416	1330.81
417	1331.11
418	1331.1
419	1330.99
420	1331.02
421	1330.99
422	1330.96
423	1330.91
424	1330.89
425	1330.85
426	1331.01
427	1331.03
428	1331.02
429	1330.97
430	1330.92
431	1330.98
432	1330.84
433	1331.11
434	1330.99
435	1330.85
436	1330.84
437	1331.15
438	1330.96
439	1331.15
440	1330.96
441	1330.98
442	1331.06
443	1331.03
444	1331.12
445	1330.83
446	1331.07
447	1330.97
448	1330.98
449	1330.91
450	1331.08
451	1330.98
452	1331.15
453	1331
454	1331.06
455	1331.07
456	1330.99
457	1331.14
458	1330.99
459	1330.97
460	1330.85
461	1331.08
462	1331.03
463	1330.99
464	1331.03
465	1331.08
466	1330.82
467	1331.03
468	1331.06
469	1331.15
470	1331.16
471	1331.09
472	1330.81
473	1330.87
474	1330.86
475	1330.94
476	1331.01
477	1331.09
478	1331.04
479	1331.06
480	1331.08
481	1331.05
482	1330.87
483	1330.91
484	1330.93
485	1331.08
486	1331.01
487	1330.95
488	1331
489	1331
490	1330.96
491	1331.06
492	1331.02
493	1331.03
494	1330.97
495	1330.98
496	1331.13
497	1331.02
498	1330.95
499	1330.96
500	1331.02
501	1330.98
502	1331.01
503	1331.03
504	1330.97
505	1331.09
506	1330.89
507	1331
508	1331.1
509	1331.03
510	1331.04
511	1330.98
512	1330.99
513	1331.05
514	1331.02
515	1331.01
516	1330.99
517	1331.01
518	1331.03
519	1331.01
520	1331.05
521	1331.05
522	1330.96
523	1331.03
524	1330.97
525	1331.1
526	1331
527	1330.94
528	1331.02
529	1331.03
530	1330.99
531	1331.03
532	1331
533	1331.05
534	1331.02
535	1331.02
536	1330.99
537	1331.02
538	1331.1
539	1331.05
540	1330.97
541	1331.07
542	1331.12
543	1331
544	1331.03
545	1331
546	1331
547	1330.99
548	1331
549	1331.08
550	1330.95
551	1330.95
552	1331.02
553	1330.95
554	1330.98
555	1331.04
556	1330.9
557	1330.91
558	1330.97
559	1331.05
560	1330.97
561	1330.96
562	1331.05
563	1331.03
564	1331.01
565	1331.08
566	1331.06
567	1330.99
568	1331.07
569	1331
570	1331.06
571	1330.96
572	1331.04
573	1331.01
574	1331.04
575	1331.07
576	1331.05
577	1330.99
578	1331.02
579	1331.03
580	1331.03
581	1331
582	1330.96
583	1330.97
584	1331.05
585	1330.96
586	1330.99
587	1331.01
588	1331.02
