Frame	Volume
1	1331.01
2	1331.01
3	1331.01
4	1331.01
5	1331.01
6	1331.01
7	1331.01
8	1331.01
9	1331.01
10	1331.01
11	1331.01
12	1331.01
13	1331.01
14	1331.01
15	1331.01
16	1331.17
17	1331.08
18	1331.1
19	1331.09
20	1330.97
21	1331.04
22	1301.51
23	1341.7
24	1271.25
25	1331.01
26	1331.01
27	1331.01
28	1332.66
29	1357.2
30	1316.02
31	1331.01
32	1331.01
33	1331.01
34	1331.01
35	1331.01
36	1331.01
37	1330.53
38	1330.38
39	1330.86
40	1331.01
41	1331.01
42	1331.01
43	1331.01
44	1331.01
45	1331.01
46	1331.01
47	1331.01
48	1331.01
49	1331.01
50	1331.01
51	1331.01
52	1331.01
53	1331.01
54	1331.01
55	1331.01
56	1331.01
57	1331.01
58	1330.88
59	1330.93
60	1330.84
61	1277.71
62	1381.9
63	1283.44
64	1329.29
65	1335.03
66	1326.6
67	1366.45
68	1320.31
69	1320.12
70	1331.01
71	1331.01
72	1331.01
73	1329.73
74	1315.08
75	1297.06
76	1331.01
77	1331.01
78	1331.01
79	1331.01
80	1331.01
81	1331.01
82	1403.49
83	1318.52
84	1302.76
85	1335.97
86	1325.14
87	1328.92
88	1341
89	1331.18
90	1305.03
91	1331.21
92	1328.11
93	1344.91
94	1366.36
95	1373.36
96	1295.33
97	1326.99
98	1332.17
99	1335.59
100	1331.01
101	1331.01
102	1331.01
103	1331.01
104	1331.01
105	1331.01
106	1331.01
107	1331.01
108	1331.01
109	1331.01
110	1331.01
111	1331.01
112	1331.01
113	1331.01
114	1331.01
115	1331.01
116	1331.01
117	1331.01
118	1331.01
119	1331.01
120	1331.01
121	1331.01
122	1331.01
123	1331.01
124	1331.01
125	1331.01
126	1331.01
127	1331.01
128	1331.01
129	1331.01
130	1331.01
131	1331.01
132	1331.01
133	1365.07
134	1347.05
135	1400.75
136	1331.42
137	1330.96
138	1330.84
139	1336.43
140	1333.57
141	1374.6
142	1342.08
143	1369.94
144	1438.93
145	1289.78
146	1310.83
147	1363.79
148	1318.1
149	1388.56
150	1360.15
151	1319.36
152	1325.56
153	1329.55
154	1329.71
155	1330.25
156	1332.98
157	1330.97
158	1331.09
159	1330.94
160	1236.77
161	1344.6
162	1327.12
163	1331.01
164	1331.01
165	1331.01
166	1344.34
167	1326.09
168	1347.89
169	1331.01
170	1331.01
171	1331.01
172	1348.21
173	1351.68
174	1364.44
175	1331.01
176	1331.01
177	1331.01
178	1331.01
179	1331.01
180	1331.01
181	1331.01
182	1331.01
183	1331.01
184	1331.01
185	1331.01
186	1331.01
187	1331.01
188	1331.01
189	1331.01
190	1330.99
191	1331.84
192	1332.27
193	1331.01
194	1331.01
195	1331.01
196	1331.01
197	1331.01
198	1331.01
199	1331.01
200	1331.01
201	1331.01
202	1331.01
203	1331.01
204	1331.01
205	1331.01
206	1331.01
207	1331.01
208	1331.01
209	1331.01
210	1331.01
211	1331.01
212	1331.01
213	1331.01
214	1331.01
215	1331.01
216	1331.01
217	1331.03
218	1331.08
219	1331.19
220	1358.09
221	1336.21
222	1342.49
223	1331.2
224	1330.81
225	1331.73
226	1326.13
227	1350.13
228	1320.29
229	1331.01
230	1331.01
231	1331.01
232	1331.86
233	1330.97
234	1326.5
235	1330.93
236	1331
237	1330.98
238	1324.08
239	1310.55
240	1298.8
241	1333.73
242	1347.21
243	1308.77
244	1332.81
245	1350.08
246	1329.9
247	1330.22
248	1330.25
249	1331.26
250	1342.6
251	1304.01
252	1314.03
253	1331.91
254	1328.01
255	1325.27
256	1331.01
257	1331.01
258	1331.01
259	1331.01
260	1331.01
261	1331.01
262	1337.08
263	1330.49
264	1332.93
265	1331.08
266	1331.27
267	1331.4
268	1331.01
269	1331.01
270	1331.01
271	1331.01
272	1331.01
273	1331.01
274	1331.01
275	1331.01
276	1331.01
277	1331.01
278	1331.01
279	1331.01
280	1331.01
281	1331.01
282	1331.01
283	1331.01
284	1331.01
285	1331.01
286	1331.01
287	1331.01
288	1331.01
289	1331.01
290	1331.01
291	1331.01
292	1331.01
293	1331.01
294	1331.01
295	1331.01
296	1331.01
297	1331.01
298	1331.01
299	1331.01
300	1331.01
301	1331.01
302	1331.01
303	1331.01
304	1331.01
305	1331.01
306	1331.01
307	1331.01
308	1331.01
309	1331.01
310	1331.01
311	1331.01
312	1331.01
313	1331.01
314	1331.01
315	1331.01
316	1331.01
317	1331.01
318	1331.01
319	1399.78
320	1281.02
321	1379.97
322	1331.01
323	1331.01
324	1331.01
325	1331.01
326	1331.01
327	1331.01
328	1331.01
329	1331.01
330	1331.01
331	1331.01
332	1331.01
333	1331.01
334	1331.01
335	1331.01
336	1331.01
337	1331.01
338	1331.01
339	1331.01
340	1331.01
341	1331.01
342	1331.01
343	1331.01
344	1331.01
345	1331.01
346	1331.01
347	1331.01
348	1331.01
349	1331.01
350	1331.01
351	1331.01
352	1331.01
353	1331.01
354	1331.01
355	1331.01
356	1331.01
357	1331.01
358	1331.01
359	1331.01
360	1331.01
361	1331.01
362	1331.01
363	1331.01
364	1335.07
365	1326.42
366	1335.58
367	1331.01
368	1331.01
369	1331.01
370	1353.94
371	1323.35
372	1324.79
373	1331.01
374	1331.01
375	1331.01
376	1355.6
377	1315.85
378	1326.46
379	1372.72
380	1326.4
381	1312.53
382	1383.15
383	1285.96
384	1336.72
385	1365.05
386	1288.03
387	1340.95
388	1330.44
389	1333.5
390	1330.61
391	1329.78
392	1273.96
393	1323.38
394	1331.01
395	1331.01
396	1331.01
397	1331.01
398	1331.01
399	1331.01
400	1331.01
401	1331.01
402	1331.01
403	1331.01
404	1331.01
405	1331.01
406	1331.01
407	1331.01
408	1331.01
409	1331.01
410	1331.01
411	1331.01
412	1331.01
413	1331.01
414	1331.01
415	1331.01
416	1331.01
417	1331.01
418	1331.01
419	1331.01
420	1331.01
421	1331.01
422	1331.01
423	1331.01
424	1331.01
425	1331.01
426	1331.01
427	1331.01
428	1331.01
429	1331.01
430	1325.82
431	1328.21
432	1333.3
433	1332.5
434	1331.25
435	1331.35
436	1265.81
437	1390.2
438	1290.74
439	1327.29
440	1307.2
441	1357.87
442	1299.85
443	1301.04
444	1314.21
445	1294.81
446	1289.99
447	1318.91
448	1331.01
449	1331.01
450	1331.01
451	1331.01
452	1331.01
453	1331.01
454	1331.01
455	1331.01
456	1331.01
457	1330.14
458	1334.62
459	1330.33
460	1331.01
461	1331.01
462	1331.01
463	1318.68
464	1324.67
465	1320.15
466	1331.01
467	1331.01
468	1331.01
469	1262.64
470	1388.96
471	1297.36
472	1331.01
473	1331.01
474	1331.01
475	1331.01
476	1331.01
477	1331.01
478	1331.01
479	1331.01
480	1331.01
481	1331.01
482	1331.01
483	1331.01
484	1331.01
485	1331.01
486	1331.01
487	1331.01
488	1331.01
489	1331.01
490	1331.01
491	1331.01
492	1331.01
493	1331.01
494	1331.01
495	1331.01
496	1331.01
497	1331.01
498	1331.01
499	1331.01
500	1331.01
501	1331.01
502	1331.01
503	1331.01
504	1331.01
505	1331.01
506	1331.01
507	1331.01
508	1331.01
509	1331.01
510	1331.01
511	1331.01
512	1331.01
513	1331.01
514	1331.39
515	1331.24
516	1331.11
517	1318.53
518	1316.52
519	1319.01
520	1334.88
521	1325.24
522	1332.84
523	1342.01
524	1310.41
525	1355.9
526	1331.01
527	1331.01
528	1331.01
529	1335.06
530	1324.15
531	1332.74
532	1331.66
533	1329.91
534	1332.5
535	1316.33
536	1298.67
537	1450.1
538	1323.8
539	1328.6
540	1332.81
541	1330.6
542	1325.54
543	1330.8
544	1331.08
545	1332.23
546	1331.33
547	1342.51
548	1282.92
549	1320.93
550	1331.14
551	1331.14
552	1331.08
553	1331.01
554	1331.01
555	1331.01
556	1326.86
557	1325.97
558	1343.2
559	1332.22
560	1327.58
561	1332.54
562	1330.96
563	1330.96
564	1331.11
565	1331.01
566	1331.01
567	1331.01
568	1331.01
569	1331.01
570	1331.01
571	1331.01
572	1331.01
573	1331.01
574	1331.01
575	1331.01
576	1331.01
577	1331.01
578	1331.01
579	1331.01
580	1331.01
581	1331.01
582	1331.01
583	1331.01
584	1331.01
585	1331.01
586	1331.01
587	1331.01
588	1331.01
589	1331.01
590	1331.01
591	1331.01
592	1331.01
593	1331.01
594	1331.01
