"x"
-0.013302665090302026
0.01596947295038616
0.003811966529414373
-0.020299113946758072
0.014134081658445896
-0.006604271229973083
0.002870740225855267
0.00037649052142362107
0.008345539891557379
-0.004831628358270071
0.008251417261201483
0.014102707448327253
-0.00555323519099874
0.01013386986831973
0.0022589431285418332
-0.00709057148681194
0.013271290880183419
-0.01102803485670089
0.010651544335277232
-0.002478562599372306
0.009788753557014683
0.014196830078683186
0.0005019873618981971
0.004502199152024398
-0.0006274842023727375
-0.0041727699457786895
-0.00404727310530415
0.0005961099922540934
0.008298478576379466
-0.00040786473154226505
-0.0008157294630845658
0.000862790778262514
-0.0020706978678300407
-0.005066934934159848
-0.0007059197276693296
0.00026668078600842056
0.00458063467732099
0.00919264356476059
-0.00514537045945644
0.0019138268172368563
0.0015687105059318436
0.010510360389743352
-0.0019765752374741445
0.004110021525541438
-0.007169007012108533
-0.0023530657588977655
-0.0010039747237963585
0.0002039323657711682
0.00012549684047454037
-0.001317716824982763
-0.004172769945778725
3.137421011864401e-5
-0.005490486770761452
0.001725581556525028
0.0037021567939991722
0.005098309144278492
-6.274842023728802e-5
0.012079070895675196
-0.0032315436422196194
-0.0018040170818216202
-0.0008000423580252259
-0.00026668078600842056
-0.00083141656814387
-0.0013334039300420672
-0.0004549260467202489
0.00015687105059318437
0.0011765328794488827
-0.005882664397244414
0.0012863426148641188
0.0030119241713891113
-0.005506173875820757
-0.0003921776264829609
-0.0029491757511518947
0.0014118394553386592
-0.00021961947083047237
-0.0007843552529659218
-0.00031374210118636874
-0.0005804228871947536
-0.0014275265603979634
0.005035560724041239
-0.00014118394553384452
-0.0035139115332873437
-0.0017569557666436363
-0.0010353489339150026
0.0024785625993723414
0.001835391291940264
-0.0029805499612705027
0.0022589431285418332
-0.004643383097558243
-0.0007059197276693296
-0.0014118394553386592
-0.005866977292185109
-0.00018824526071182837
-0.002149133393126633
0.0002509936809491164
0.001741268661584332
-7.843552529659218e-5
0.0018510783969995683
0.0006745455175506856
-0.0004392389416609091
0.00048630025683889293
0.0011294715642709346
0.0050198736189819
-0.004533573362143042
-0.0024315012841943577
0.006604271229973083
-0.00249424970443161
1.5687105059339836e-5
0.002525623914550254
-0.0003608034163643169
0.00014118394553384452
-9.412263035589635e-5
0.002729556280321422
-0.004706131517795531
0.001302029719923423
-0.0004706131517795531
0.0027138691752620825
-0.002604059439846846
-0.0010510360389743424
0.0012863426148641188
-0.0046904444127362265
0.0019452010273555004
-0.0033256662725755157
1.568710505930417e-5
0.005317928615108964
0.00048630025683889293
0.0032786049573975315
0.002243256023482529
0.0018981397121775523
0.0010353489339150381
-0.000894164988381158
0.0024315012841943577
0.002964862856211163
0.0007216068327286338
-0.0033570404826941598
0.0007372939377879737
-0.0011451586693302387
-0.006792516490684876
-0.18730403440826213
0.004470824941905754
-0.0015059620856945556
0.00166283313628774
0.002180507603245277
0.0036080341636432404
0.003937463369888949
-0.004486512046965094
0.0023060044437198174
0.00026668078600842056
0.000894164988381158
0.0003921776264829609
-0.002164820498185937
-0.0015216491907538955
0.0008000423580252259
0.0012392812996861707
0.0005804228871947892
0.0011137844592116304
0.002588372334787542
-0.0009726005136777502
-6.274842023728802e-5
-0.0010824102490929863
0.002196194708304581
-0.0009882876187370542
-0.18950022911656672
-0.003011924171389147
-0.18736678282849942
0.0019452010273555004
0.0019452010273555004
-0.0007372939377879737
-0.0016471460312284358
0.0009882876187370542
0.0027923047005586747
-0.0027923047005587102
-0.0023530657588977655
-0.0003608034163643169
-9.412263035593202e-5
-0.002164820498185937
0.0013961523502793193
-0.002211881813363885
-0.0023373786538384254
0.0036707825838804926
-0.006023848342778294
0.006619958335032387
0.0019138268172368563
-0.0007686681479066176
0.0012079070895675266
-0.0036864696889398326
-0.002588372334787542
-0.0024158141791350177
-0.0020393236577113966
-0.0016471460312284358
0.0035452857434059523
0.0016785202413470799
0.0038433407395330166
-0.0014118394553386592
0.0023844399690164096
-0.003670782583880528
-0.0010667231440336464
-0.004753192832973479
-0.1885590028130076
-0.0038904020547110008
-0.0019138268172368563
0.0014275265603979634
-0.0007686681479066176
0.0006274842023727375
0.0027295562803213865
0.0009098520934404621
0.0028079918056180143
-0.00048630025683885726
0.0008784778833218538
-0.000768668147906582
0.002698182070202778
0.0037962794243550685
-0.0017412686615843678
-0.00010980973541523619
0.0029491757511518587
0.0029962370663298072
-0.0007843552529659218
0.0007843552529659218
-0.0003921776264829609
0.003435476007990752
-0.0010510360389743066
-0.0013961523502793551
-0.0019295139222961606
0.001160845774389543
0.003404101797872108
0.0023216915487791214
-0.0005647357821354494
0.0006274842023727375
-0.0003451163113050127
-0.0011294715642709346
0.002400127074075749
-0.0021020720779486492
0.0005804228871947892
0.00458063467732099
-0.0011922199845081868
-0.0005333615720168054
9.412263035589635e-5
0.0020706978678300407
-0.00026668078600842056
-0.0019452010273554646
0.0016157718211098275
0.0017098944514657237
-0.002290317338660513
0.0002823678910677247
0.0010196618288556983
0.00012549684047457604
0.0005804228871947892
0.0
0.0017569557666436363
-0.0016000847160504877
-0.0005961099922540934
-0.0017098944514657237
-0.0019138268172368563
0.0024628754943130018
-0.005772854661829177
0.004125708630600741
0.00010980973541523619
0.0011294715642709346
0.0005647357821354494
0.00431395389131257
0.0032315436422196194
0.0012235941946268309
0.0015373362958131995
0.0017883299767622804
0.00018824526071182837
-0.0036707825838804926
0.0005333615720168411
0.001270655509804779
0.00015687105059318437
0.0017726428717029761
0.00083141656814387
-0.00026668078600842056
0.0004549260467202489
-0.0010039747237963943
0.0004549260467202489
-0.0009412263035591062
0.0005333615720168411
4.7061315177948175e-5
0.000925539198499802
0.0001411839455338802
0.001772642871703012
0.002243256023482529
0.00040786473154226505
-0.0006588584124913458
0.0018981397121775165
-0.0015059620856945556
-0.00023530657588977655
-0.0012079070895675266
0.0013020297199234586
0.0007059197276693296
0.0018510783969995683
-0.0013961523502793551
0.0026354336499654902
-0.0005961099922541291
0.0003294292062456729
-0.0011765328794488827
9.412263035589635e-5
0.0007843552529659218
0.0006588584124913815
0.004972812303803916
0.0005333615720168054
0.001254968404745475
0.004392389416609162
0.0
3.137421011860834e-5
0.005223805984753032
0.0007529810428473135
0.00541205124546486
0.00403158600024481
-3.137421011864401e-5
0.000925539198499802
-0.0036864696889398326
-0.0003608034163643169
0.0015373362958131995
0.0046904444127362265
-0.000737293937787938
-0.19292001801949812
0.0018824526071182124
-0.0016471460312284358
0.0021020720779486492
-0.0015687105059318436
-0.0006745455175506856
0.0004706131517795531
0.00429826678625323
0.0003608034163643526
0.00015687105059318437
0.00017255815565248852
-0.0016314589261691315
-0.0006588584124913815
-0.004141395735660046
0.004863002568388715
-0.0014745878755759473
-0.005647357821354637
0.00023530657588977655
-0.0028236789106773183
0.0029962370663298072
-0.0017412686615843678
0.00025099368094908073
0.002227568918423225
-0.0012863426148641188
0.0022432560234825647
0.002227568918423225
0.0023373786538384614
-7.843552529659218e-5
-0.0008000423580252259
-0.0007059197276693296
0.0023844399690163736
0.00048630025683889293
-0.0021491333931265974
0.003137421011863687
0.0006117970973134333
-0.0010980973541522905
0.0022903173386604773
0.0006117970973134333
0.0021648204981859725
0.00166283313628774
0.0010353489339150381
9.412263035589635e-5
-0.0007372939377879737
0.0032786049573975315
-0.000768668147906582
-0.00031374210118636874
-0.000768668147906582
0.0001725581556525242
0.0007843552529659218
0.0005490486770761453
0.002243256023482529
0.0031844823270416353
9.412263035589635e-5
0.002070697867830005
0.0013490910351013712
0.0003608034163643169
-0.0022589431285418692
0.0002509936809491164
-0.0006902326226099898
0.0004706131517795531
-6.274842023728802e-5
0.002133446288067293
0.0004706131517795531
0.0016471460312284358
-0.0015373362958131995
0.0008157294630845658
-0.0006431713074320416
0.0022746302336011733
0.0017569557666436719
-0.0004235518366016049
-0.0016314589261691315
-7.843552529659218e-5
-0.0015687105059318436
-0.0007372939377879737
-0.0019138268172368563
-0.003058985486567095
-0.001741268661584332
0.0005490486770761453
-0.00017255815565248852
0.0028079918056180143
-0.0007059197276693296
0.00045492604672021323
-0.0004706131517795531
0.0005333615720168054
-0.0005804228871947892
0.005333615720168269
-0.0027295562803213865
0.0006431713074320773
-0.18791583150557556
-0.0018040170818216202
-0.00010980973541523619
0.004298266786253266
-0.0006274842023727375
-0.001694207346406384
0.0014275265603979634
0.0022903173386604773
0.001458900770516643
0.0015373362958131995
-0.0016000847160504877
0.0019295139222961606
0.002243256023482529
-0.00026668078600842056
0.00048630025683885726
-0.0017569557666436363
0.19012771331893943
0.0
3.137421011860834e-5
-0.002180507603245277
0.00010980973541523619
0.0011765328794488827
-0.0008314165681439057
0.0028393660157366584
0.188480567287711
1.568710505930417e-5
0.00048630025683885726
3.137421011860834e-5
0.0011608457743895785
-4.7061315177948175e-5
-3.137421011864401e-5
-3.137421011864401e-5
3.137421011864401e-5
0.188480567287711
-0.0023373786538384614
-0.00015687105059318437
0.0
0.00012549684047454037
-3.137421011860834e-5
0.0023687528639570695
-1.5687105059339836e-5
0.0
1.568710505930417e-5
1.568710505930417e-5
3.137421011860834e-5
-0.0005647357821354494
-0.0006117970973134333
-1.568710505930417e-5
6.274842023728802e-5
4.7061315177948175e-5
-0.0005333615720168411
0.0005176744669575013
-0.0023216915487791214
-3.137421011864401e-5
6.274842023728802e-5
4.7061315177948175e-5
-0.0006431713074320416
-0.18786877019039758
0.0005333615720168411
0.0022903173386604773
0.0028236789106773183
0.001302029719923423
0.0017569557666436363
0.0005333615720168411
-0.00015687105059318437
-0.0005804228871947892
0.0006431713074320416
-1.5687105059339836e-5
0.002870740225855267
0.00018824526071182837
0.00014118394553384452
-1.568710505930417e-5
-0.0022903173386604773
0.0
0.0020706978678300407
0.0004706131517795531
0.0006588584124913458
0.0005961099922540934
0.0005490486770761453
-0.0027923047005586747
1.568710505930417e-5
0.0022903173386604773
0.0023060044437197814
0.0
0.18793151861063487
-0.0005333615720168411
0.0022746302336011733
-0.18793151861063487
-0.0008157294630845301
-0.0023530657588977655
0.002855053120795927
0.000517674466957537
-0.18793151861063487
1.568710505930417e-5
0.18793151861063487
-0.18793151861063487
0.0
-0.0005333615720168411
0.002604059439846846
0.0023060044437197814
-7.843552529659218e-5
3.137421011860834e-5
0.1894061064862108
-1.568710505930417e-5
-0.18786877019039758
0.0015843976109911834
0.0006745455175506856
0.18786877019039758
0.0007216068327286695
-0.0003921776264829609
0.0006745455175506856
0.18860606412818556
6.274842023728802e-5
-0.18793151861063487
0.0007372939377879737
0.0005333615720168411
4.7061315177983846e-5
0.18793151861063487
0.00020393236577113252
-0.0015687105059318436
0.0010510360389743424
0.0010353489339150026
-4.7061315177948175e-5
1.568710505930417e-5
0.0018824526071182124
0.18860606412818556
-4.7061315177983846e-5
-0.0007529810428473135
0.000925539198499802
-0.0005333615720168411
0.0
0.0
0.19022183594929534
-0.0005647357821354494
-1.568710505930417e-5
-0.0006588584124913815
-0.0007059197276693296
-0.0007216068327286695
0.00277661759549937
0.0028236789106773183
0.0005490486770761453
-0.0016000847160504519
0.0006902326226099898
0.0016157718211097917
-0.0010824102490929507
1.568710505930417e-5
0.0015216491907538955
-0.0016000847160504519
-0.0005333615720168411
-0.0005333615720168411
-1.568710505930417e-5
0.0006274842023727375
3.137421011860834e-5
0.0
-6.274842023728802e-5
-0.0022746302336011733
0.0023060044437198174
0.0005333615720168411
0.0005333615720168411
0.0
0.0015216491907538955
0.0005333615720168411
0.1884648801826517
0.0005333615720168411
0.0005333615720168411
-1.568710505930417e-5
0.0
0.0022903173386604773
0.0022903173386604773
-1.568710505930417e-5
-0.0023060044437197814
-0.0005490486770761453
0.0005333615720168411
-0.1884648801826517
-0.0005490486770761453
-0.18793151861063487
0.1884648801826517
-0.0005333615720168411
1.568710505930417e-5
0.0005333615720168411
1.568710505930417e-5
0.0023060044437197814
0.18793151861063487
0.0005333615720168411
