"x"
0.02077163866362452
-0.13338944148537757
0.016986438404096856
0.09174126454959175
-0.01680065637713182
-0.04273047794780775
-0.0925064684881179
-0.05431405020698767
0.01535423677122133
-0.06743591490620571
0.07887308163583426
0.05462450974406754
0.04094496259777382
-0.054804586441784986
0.05921238723024869
-0.06744401671016116
-0.008123211029770453
-0.04535607954841405
-0.05800745022515442
-0.028619683404714418
0.029715169594900046
-0.01435871055011321
-0.015199700798229942
0.00979816840432545
0.0037481611309447367
-0.0054002322257752705
-0.032759581425896515
-0.016032727442679154
0.06671416249301573
-0.05689959140143584
0.07938318417316433
0.0540969452884088
0.012765520086589242
0.02941678936499929
-0.03909989264821773
0.013792433570985873
0.010274560602415007
0.006060584592721408
-0.07143084350948774
-0.09916561562514442
0.05789816001703557
-0.0016823200863665877
-0.03572687835462646
-0.00043861661025770815
0.0061434993936495715
-0.06253760872546799
-0.022731597491300836
-0.04769834685779929
0.06837566538152966
-0.03052205397798192
0.08996424674423573
0.048606738171996705
0.053746961220555355
-0.027388657333538385
-0.026880166452317007
0.008958454628254559
0.08903379641768465
-0.05216228995595427
0.04588207151904502
-0.007025124825726167
-0.04210052228336169
-0.03965618642954871
0.045876641676921716
-0.049612460318327035
0.046132930139088306
-0.018193881122307614
0.07104126774509088
0.0539314946089734
0.06905054463008305
-0.06636269110633235
-0.02150371069452813
-0.07083019753669799
0.04630592708095226
0.0025389497499154127
0.09817661340343496
-0.06029752172434891
0.013214961508621679
-0.0002402458371749239
-0.0632368920927017
-0.020726346312575073
-0.09649194208521948
-0.018236463683767495
0.0015419857514496573
-0.02648134835544269
-0.004905013891947382
-0.07895698909312114
0.06446165476767449
0.010675211572578865
-0.043089191255378426
-0.02589360283168658
0.07576364447267384
-0.06305982893506507
0.055575194591975914
0.02574128306047401
-0.013383503640431735
0.012603162793903836
-0.01688466963393867
-0.001788867996655516
-0.06082455121807651
0.16019945425712007
-0.0552614937959918
0.015613437272552391
0.05858895938021535
-0.08810344721591289
-0.03517574290451042
-0.01678781911766064
-0.07509803796926384
-0.06057687416000764
-0.017205974347456066
-0.018633165145398548
-0.013795250772086192
0.004971291731406826
0.030612083246028866
-0.05322495277119999
-0.008115704368277594
0.03236655984252499
-0.023261019805919058
-0.0027648109357224465
-0.01294507444954397
-0.0003530821293360248
-0.006725260662139066
0.02067706898945907
0.027282584849443098
-0.07886856476460653
-0.0021839645724915585
-0.06022888717231455
-0.024557928029555344
-0.059240459298546044
-0.06043650726311723
0.009004114725336805
0.09299314736582343
-0.05963809495545582
-0.07765833918043577
0.023249736816115377
0.0023355637355819948
-0.025061274173921663
-0.038298453474790044
-0.06010994594143941
0.10409315009262766
-0.008846853219083548
-0.004838347673133988
0.09207307001346962
0.03225502264384547
-0.00205228022168607
0.08084199376824507
-0.027578882080717387
-0.028498910321456565
0.002110274372282533
-0.009304764191100464
-0.03792406926447238
0.020568332442227503
0.022477505403576237
0.04719999800798646
-0.0030634560674242125
-0.012751277235606128
0.05613152867276521
0.018256014833705175
-0.017875631537921207
0.01974240838999298
-0.03708627336669426
0.04730463884024329
-0.019121907033196973
-0.022059802011356756
0.04159216938750071
0.022792536511691275
-0.005146000701907442
-0.029533377322188716
-0.02543509220366298
0.03452086900769903
0.0004736805815818228
0.045320377179871266
-0.006749297679584077
0.07707648629782426
0.023342237945735103
-0.02546450027974766
-0.057793643360850085
0.015403641924235142
0.061716296006402695
-0.0024994100128129457
-0.08734248987355706
0.0040349408112784705
-0.021786174194962333
0.05450231983917562
0.038970719007664134
-0.02487249558639099
-0.023385220385327588
0.004172822574635956
-0.01828560791119203
-0.035228138116428574
-0.006349994054786104
0.003183071427713748
0.042717133721108115
-0.020930621870380934
0.023673519086742364
-0.020541874609204647
0.05378677434921371
0.0382500984183033
0.023582074662768827
-0.0077108659615498345
-0.011622939353374533
-0.039942231370073654
0.05047983059464912
-0.08225544690925941
-0.07562591955483175
-0.03518239736669068
-0.06201722090556357
0.014912389702310541
-0.10360515003735611
0.005789766830980669
-0.007547955760235479
0.0029180875773755473
0.03856060652967008
-0.017124790381595156
-0.03724853791687137
-0.021434320823110437
0.026809222311222493
-0.059317414238820844
-0.007230281974564392
-0.02538045806106388
0.045569350752252144
-0.0018291221626304391
-0.052111103136851494
0.05172257994068716
-0.006187177025829212
0.09071550105066031
0.041780667813159686
-0.03264617379482201
-0.0698513358956169
-0.013879860622123713
-0.026015321447797796
0.10115939451406163
-0.06548135196163736
-0.04920606398811862
-0.04795198737661143
0.035092982531120726
-0.041089168743848936
0.055188179616639396
-0.047376302246136634
0.04095373659675735
0.05439899610083683
-0.03731171242905319
-0.045561359530011225
-0.035746481087871165
0.025094097011546326
0.01766799290936197
-0.016414581077789408
0.0034260338247942648
-0.03160870496772684
0.10404013921237881
-0.022348622993816476
-0.06612942244944707
-0.04014298394886641
0.06568581386416204
-0.07386327081837336
-0.034255737338932314
-0.019339387757693824
-0.058200125985663466
-0.05495555306451077
0.026082883174406223
-0.010235658886392425
-0.021976741272657935
-0.03462353221099522
-0.07321570525597164
0.08169493941611565
0.05578582064655613
0.03142952442259476
0.021051063906989124
-0.004521768958192492
-0.04998628823485852
-0.006075293789091604
0.02664875146325139
0.04918980858195637
0.045389640134846476
0.0339866555705795
0.03184398972613289
0.052186523634765114
-0.010178021627836488
0.003143818031726001
0.04418158481107204
-0.03255795445624618
0.006381764431633228
-0.02482596174324066
0.024929968745548342
0.011289122838847749
-0.06660044321277649
-0.03262891874707528
0.030387596433100433
0.014820525196725654
0.028841252321640167
0.018977111117910575
0.03828644101098887
0.026782592103970937
-0.04048245952886419
0.006757661053917715
0.0008478692589099396
0.011892508637761897
-0.011121729671584394
-0.05510071968110809
-0.05517540200035305
-0.0051840177641161314
-0.012105185128998552
-0.03319889016600252
-0.003497692663426636
-0.03783436787285474
0.0008832484257639752
0.007116018060508563
-0.025821592850419114
-0.011611619932862402
0.08428183069630213
0.01889372615657104
0.03430068101904366
0.020820972405983497
0.03460309785804672
0.023770935783600462
-0.03211058786548285
-0.004611493293638742
-0.016659262005136247
-0.03986168134163014
-0.03629177064422865
0.0018737588682936344
-0.02452437356863868
-0.06919282413946379
-0.0047549679776096605
0.05043911846557381
-0.013433320546465791
0.018298389234984627
0.027000159123060516
0.028028477285524062
0.01951275475607454
0.043173536633499064
0.0647782211240982
-0.030474066667550367
-0.0019839262076475927
-0.01594821291427444
0.022031290625160533
-0.04521677800812726
-0.09519692884977868
0.055035503329499955
-0.05830029432981076
-0.018426086518161206
0.03510804947927366
-0.03518448369675554
-0.0944907486325218
-0.03031329894686696
-0.07323769366365032
-0.014747898794863263
0.03598497491936144
0.026551448679526673
0.0010657123561786427
-0.012875627352866811
0.04405558402781744
-0.040125619985114255
0.009850751787870645
-0.03622030631767655
-0.001100228416009644
0.07642115545882763
0.011121269129326134
0.039033615077438216
0.012348608766861344
-0.03385153888769673
0.001130574233721197
-0.0034090964442692866
-0.010252849669938047
0.015955169138840337
0.029905521795849606
-0.009208439663406976
0.008112816616247312
0.02560739604848333
-0.012823948289253052
-0.0011734053622633677
0.04472135559783321
-0.0023657227787176856
-0.004751884800059907
0.020250715022051908
-0.015544654525950854
-0.028778230517548395
0.0
-0.06941143018614862
-0.001220381693525576
0.05394509121779058
0.006148673844636685
0.143400563265096
-0.04463664419313794
0.03600291435946471
-0.016259463234274817
0.05653891443538758
0.015105121290983818
-0.070761983227459
-0.04313351991197068
0.030516000085248515
-0.02549261468932809
0.03591163494835865
0.009017348800173458
-0.024609849695917115
0.01557671204990195
-0.03131073901629935
0.05914178418380898
-0.06881201732318996
0.08920683462617694
-0.026678863221649706
-0.05105472907961034
0.02558395207792951
0.0706598480545933
-0.07901543577980562
0.02192355071050137
-0.0111358857981332
0.07132836407173991
-0.011199741639892135
-0.03258631313432078
0.017071231482357153
0.020108675160146364
0.0
0.008732205224283113
0.029225115449113426
-0.029390280915818474
0.05926640140593519
-0.029715382590965393
-0.026871205463794977
0.005989630672285394
-0.0030216745518178534
0.007578691408081634
0.015251353640312153
0.030568629678823872
0.03846241425622639
0.049312686909166466
0.0
-0.004697142063836276
-0.0032078947145398255
0.013137868529247674
0.031489531611911536
0.011734066840857399
0.05929198780339416
-0.03267354835999597
0.006900979698369558
0.05566832181406919
0.05926809301618795
-0.04913840688615518
0.017941692028925527
-0.04849927949384798
0.0185352300362354
0.013089022840248345
-0.016871643719237345
-0.007566096858841141
-0.03980334136787003
0.07114632704698927
-0.023132222938449742
0.015451402429283768
0.011779635753688783
0.039948523029610224
-0.02625728382711892
0.01419756928026308
-0.057024271060894464
0.004085300739150745
-0.0205554130792992
-0.024712901977090033
0.00826630915555456
-0.05249940350384634
0.01055005487497585
0.016961166020044573
0.06790801526529712
-0.030109975262321446
-0.006538216241075979
0.008763741864247325
-0.0067650329002742595
-0.03173722371511721
0.08634380944040491
-0.009096203618307715
-0.022908698584145654
-0.06431755710778873
-0.06908545412017848
-0.037047393519817104
0.09310518954366166
0.0655637334126556
0.07271748176439741
0.03317518483996105
0.0
-0.03827929844167019
-0.01202398058353333
-0.02419111829127252
-0.03397373685242696
-0.01710618836457606
0.07099598254052408
0.049102691030644706
0.04198453027457756
-0.03230705505310992
0.0
0.0324898399284445
0.005035811385913229
0.007580139663301198
0.025444211273497323
-0.023012540949715426
-0.005118880291982209
-0.01025047758983851
0.023346921710450816
0.018217353786064355
-0.059983921623290685
-0.005239867445977657
0.034151425995051
0.029250112023628556
-0.005334145298298713
0.018720829748431627
0.0
-0.008123254069587929
0.022098436192648053
-0.044301086150712925
0.06949007872477495
0.0056345872487049715
-0.048029193839217096
-0.008536375789042663
-0.01429712281582821
0.017249127817951425
0.011518854707435787
-0.020208943446979655
-0.00578803664072096
0.0
0.01172073524131279
0.002976494018340419
-0.008944111243528027
0.0
-0.021110434633460202
-0.02419875176174007
0.030295191914692786
-0.009111830030448952
0.024377568322128996
-0.05201119496595998
0.006131610622323252
0.043084308679921836
-0.006166875338703585
-0.012433674645632253
0.012452797009285208
-0.009372932827611114
0.006266494320595932
-0.021953299451375474
-0.00313699775068051
-0.006346758169139516
0.01591038069226741
-0.0031932320506128124
-0.054437280751416656
-0.02570212074124537
0.029076114956567405
-0.038864983534505654
-0.07133849841932578
0.006503149851784109
-0.009766345530703095
0.006542267411716685
0.009850699882162854
0.016489749139874284
0.006612578904983771
-0.04634934244419499
0.03977764449616066
0.03989261338214839
-0.003335309794013174
0.04025258559119908
0.02358260156478385
-0.020352465952979487
0.07510848530933359
0.0683535874015002
0.02746789445921695
-0.027566989010769705
0.027638374726511077
0.038055277866650306
-0.024327752759397126
-0.013964357418750505
0.0
-0.04921071680282504
-0.03557822148213187
0.01780748702733516
-0.039339571176391024
0.010751373043285833
-0.03593842506383033
0.03964104484677171
-0.0217561552327355
0.0
-0.018258052750640824
-0.04391286133176923
-0.029547767991588363
0.014821293143284403
-0.0074266029020503554
-0.014899331816702673
-0.011208928788973338
0.007497069897510348
0.03758549526401881
0.030221993260461894
-0.02689741102218723
0.0387272316966155
0.019585696246001618
0.0
-0.007889707776268634
