"x"
0.03811515067148447
-0.04777237644064739
0.035959775675006016
0.026978894126525425
0.003848252744173415
0.01722438915212585
-0.02126961267554698
-0.014257746198668398
0.05915257675991088
-0.06137633171108005
-0.00848389083649181
0.009094202109361543
0.00623872987350143
-0.0379349167006898
0.030732193039912585
0.01862558281115785
-0.019823176020953237
0.002038015676249206
0.010948640266676364
-0.05858190808128447
0.01980831733093671
0.03238867261146084
0.011496029293923574
-0.017668360271045812
-0.0058170926377152056
0.04883406966722507
-0.0208199641594786
0.03743048618058577
0.025441116851246164
0.06845526765241976
0.0
-0.027330939396974785
0.023685410375431808
-0.006867731842509627
0.023054387186877443
-0.017867332421529866
-0.01974263146836088
0.0038801650350482088
-0.02274941530527727
-0.012873691592298937
0.031955267205016145
0.021189616999340723
0.008071842713152227
0.009456266687645066
0.0013280368406188893
-0.017628410920060705
0.0007048871494659659
-0.04019184748836569
0.01961423817908863
0.004233969241152064
0.01148193126993538
0.018404350595409714
0.009777605229022863
-0.07141143357892236
-0.0542119862811959
-0.03952130908413806
0.016600998103294403
0.023492796095750383
0.023239535677229355
0.026120217886931658
0.0025413684405652284
-0.04898546127481054
0.036268354076264886
-0.025846076935016022
-0.014505497893505694
0.019170898972366884
0.0398170591771152
0.07744869184591775
0.021059407032189042
-0.056766157587781405
0.012550801927813413
-0.031207794819290112
-0.005838301931970317
-0.016924333202507264
0.053348647082646715
-0.012219826567424406
-0.019343742718651316
-0.013461243228355648
-0.001017293672673176
0.07569747093943664
0.009683582373170468
0.021900923292902566
-0.001155544695620653
0.015472710638030428
-0.016786446697117853
-0.03775598600931304
-0.005712050773390186
0.01735356211943282
0.057005146755633986
0.04058714597990599
-0.03616408276495458
-0.02327765182866186
-0.03177490176704367
0.03621287786458521
0.05031486129288479
-0.017841774414639796
-0.02561368158753523
-0.03341075887039293
-0.007668825942452567
0.02598891314053461
-0.03927689251863191
-0.03706044901202695
-0.0439413793114951
0.025717872316194428
0.04073528969407965
0.035714970636452736
0.04402413836305586
0.033433708422824074
-0.01257580254659071
0.0
0.0
0.01856980276051041
0.05616156043515224
0.021766584914484934
0.01754367291024285
0.03676561340947941
-0.007335433994594349
0.022352769711925333
0.02565387504671246
-0.007571496261552407
-0.012242491367229281
0.0
-0.006208064383568296
-0.02502601643698787
0.022031632218315767
-0.059843022740075
-0.0046906489280362194
-0.09758154532182134
0.02903228021864316
0.025952192838214518
0.05703512394781556
-0.02286060100202669
0.013231416675889974
0.0217118130576162
-0.07404870165568689
-0.005011170547922478
-0.030589459755681687
-0.042957427900058937
0.010483577791117714
-0.003338041013566779
0.031516541336480006
-0.03659429242626432
-0.05648648321330079
-0.06019311209712043
0.11829615766368996
-0.010694949243902484
0.0037688337096896214
0.014597658725150474
-0.009069611112862789
-0.010906136523706544
0.05187285790009432
0.0261635759435244
-0.0037442925755632648
-0.03390595026247792
0.009580993057441447
0.044026070265209404
-0.007700278153969716
0.04266038500935978
0.025140664660228764
-0.040984054451850056
0.05506209379359258
0.019683676134179404
0.0
-0.049869836392257394
-0.009974762281311892
0.02022560189557521
0.012322545844985678
-0.05082863375079047
0.0307489998749883
0.020642885902680812
0.04323002506976908
-0.008337096677288939
-0.0251495563684896
-0.0020183514279467213
0.01490488989450884
-0.019305761695556343
0.0
0.04097032518269973
0.06258789671853186
-0.0194450304833266
-0.0020933541763385488
0.004380935010179153
0.01532726791084142
0.031036815940650553
-0.04695628199916939
0.026960906986063623
-0.03824635738432771
-0.009034947823952191
-0.013639248334319823
-0.03660465803878716
0.011376301910507538
-0.029918610338849343
0.02561597536823597
-0.01377070421035317
-0.020940583824771077
0.0
0.02589222484995647
-0.014036523591134142
0.009524877704167156
-0.040583250024309764
0.02398413860693483
-0.009699730534280065
-0.02182449075999115
-0.00976000769527153
0.01962673350781546
-0.007477969427602669
0.03213684194028521
0.0123428318954791
0.032440711757494516
-0.0024098029156240327
-0.01251509909296744
0.05294384738362453
-0.03308693715306824
0.005112378213147857
-0.03336080535798694
0.0
0.026111501579752387
-0.0337600661519966
-0.04430985329556496
0.01050741457042456
-0.023618579034932082
0.0
0.0
0.04536727445223055
0.01074516126753732
0.010784123796987467
0.016285627379980367
0.0
0.0
0.03291932219124735
-0.055012754575223526
0.0
0.0
0.0
0.0
0.0
-0.03681256536681317
-0.01137923206370214
0.0
-0.025698592693938618
0.0
0.0
0.023327688748570805
0.0
0.03807528550855073
0.0
0.023699322330808657
-0.03850154624827259
0.08108502437242265
-0.051209547421415605
-0.01216609395913786
0.03653762724879393
-0.02125309458877464
-0.039794632296840354
-0.052328975143861846
0.0
0.0
-0.02500991849135958
-0.012529605159550674
0.025287276319056667
0.06638311347805435
-0.041276495173691655
-0.012789493501112236
-0.015926063577218107
0.04167655982424738
0.0
0.029123819229501482
0.0
-0.04243617716399582
0.0
0.0
0.0
0.0
0.013357957084558279
0.0
-0.01670280997113707
0.0
0.0
0.0
0.0
-0.04469717574010184
0.0
0.0
0.0
0.0
0.0
-0.04601759592193467
0.04613392329731695
-0.04617164735170744
0.028537541118987007
0.0
0.0
0.0
-0.01811391782373474
0.0
-0.01821593278364824
0.04793561269435198
0.04823992207356775
0.04830530541668015
0.04841105319692051
0.0
0.0
-0.048994908958754926
0.04930004628010617
0.04948939815183652
0.0
0.0
0.0
0.0
0.050411268064546856
-0.05057646209011366
0.0
-0.051022376670782146
0.051227390197016845
0.0
-0.05167742642417059
-0.051857616739834696
-0.05194173566079801
0.0
-0.05249440359506412
0.0
0.0
-0.05328523585866895
0.03686582239621541
-0.05376314212345184
0.0
-0.054030326577313326
0.0
-0.07153832003208764
0.03800994647102755
-0.054993882623869686
0.0
0.0
-0.034475162989529524
0.05611081269299708
0.05630103766734301
0.0
0.05710557162061514
0.0
-0.0573574587145119
0.05785715641630024
0.0
0.05818046631485028
0.0
-0.05862271386453331
0.0
-0.059302306833515644
0.059508295826120855
0.05971305645366689
0.06011965130964744
0.0
0.0
0.0
-0.0614989186077705
0.0
0.06205743331886232
0.0
0.0
0.0
0.0
0.0
0.06367183016206031
0.0
-0.06385614212420967
0.0
0.0
0.06493859969351495
0.0
0.0
0.0
0.13758223139705061
-0.06627704793901022
0.0
0.0
0.0
-0.06718651979457929
-0.06777498493608425
-0.06823158147564959
0.10045855503668437
0.0
0.0
0.0
0.0
0.0
0.0
0.0
0.0
0.0
0.0
0.0
0.0
0.0
0.0
0.0
0.0
0.0
0.0
0.0
0.0
0.0
0.0
0.0
0.0
0.0
0.0
0.0
0.0
0.04261033760775999
0.0
0.0
0.0
0.0
0.0
0.0
0.0
0.0
0.0
0.0
0.0
0.0
0.0
0.0
0.0
0.0
0.04690354262410023
0.0
0.0
0.0
0.0
0.0
0.0
0.0
0.0
0.0
0.0
0.0
0.0
0.0
0.0
0.0
0.0
0.0
0.0
0.0
0.0
0.0
0.0
0.0
0.0
0.0
0.0
0.0
0.0
0.0
0.0
0.0
0.0
0.0
0.0
0.07339818909953898
0.0
0.0
0.0
0.0
0.0
0.0
0.0
0.0
0.0
0.0
0.0
0.0
0.0
0.0
0.0
0.0
0.0
0.0
0.0
0.0
0.0
0.0
0.0
0.0
0.0
0.0
0.0
0.0
-0.14157457060439993
0.0
0.0
-0.14340829684602946
-0.1435864338651976
0.0
0.0
0.0
0.0
0.0
0.0
0.0
0.0
0.0
0.0
0.0
0.0
0.0
0.0
0.0
0.0
0.0
0.0
0.0
0.0
0.0
0.0
0.0
0.0
0.0
0.0
0.0
0.0
0.0
0.0
0.0
-0.17142620494053812
0.17178050396054395
0.1724330036521552
0.0
0.0
0.0
0.0
0.0
0.0
0.0
0.0
0.0
0.0
0.0
0.0
0.0
0.0
0.0
0.0
0.0
0.0
0.0
0.0
0.0
0.0
0.0
0.0
0.0
0.0
0.0
0.0
0.0
0.0
0.0
0.0
0.0
0.0
0.0
0.0
0.0
0.0
0.0
0.0
0.0
0.0
0.0
0.0
0.2031702891959504
0.20383692712853668
0.20460382734837856
0.2050405653194874
0.0
0.0
0.0
0.0
0.0
0.2100346099168619
0.0
0.0
0.0
0.21699301497134907
0.21948169763470815
-0.22071077622945773
-0.22103457988259037
