"x"
0.012347911807768062
-0.13977206731305006
0.06523286301917826
0.09523114761998298
-0.023176839800914402
-0.018171456958414864
-0.015118143768643393
-0.030360268975282614
0.008375496641623946
-0.061208435004753405
0.0923683836122975
0.05622102904278156
0.006909423081430524
-0.05754919580677404
0.02112690568191106
-0.03016566818629373
-0.009116546894912174
-0.04967177919937344
-0.0751286709767905
-0.03108754214114279
0.031953857774495206
0.02302337979742515
-0.01599873315001177
0.010781416808139727
0.0049923296006726126
-0.006645900992891326
-0.03448560138758544
-0.0152752143728472
0.071020146617913
-0.06006213178314658
0.08366288899318829
0.05785454446488609
0.01596280933069012
0.03202784971480351
-0.03829629390094617
0.01677655582544486
0.013577593956389125
0.003044693523378398
-0.012010182519853287
-0.04447718085057655
0.06334427795796324
-0.005296320900271465
-0.03741648613410618
-0.0025315829934620085
0.005077042372637541
-0.06595560957031664
-0.026404709735504246
-0.04963510607552019
0.0783002511319749
-0.03211573216588715
0.09379955433239036
0.04724979740820055
0.05328937088610157
-0.026254600499400156
-0.024586932810443364
0.008058064041821515
0.08968393944998083
-0.05198286189029978
0.04502638182471336
-0.008293750638549147
-0.04501422522780238
-0.04395108770410781
0.04416719638346597
-0.048283156610762525
0.05215321799620423
-0.015651660688435605
-0.03974571292252665
0.060444684435849036
0.0694525876718255
-0.07151111625203015
-0.02150837874063621
-0.07527665815607619
0.04703785468948513
0.004359918100607596
0.09667967634022773
-0.0637710560711963
0.013744067025659933
-0.002647217200995852
-0.05941651800925018
-0.021750395391661466
-0.10034126875534553
-0.016745305876643267
0.011327206201036102
-0.026305822852118715
0.0
-0.08007762947125542
0.06457173705985948
0.003780895499782438
-0.05383785469654742
-0.030352770178465868
0.11397956509045916
0.07166538958798424
-0.06382585231642207
0.02913773723365009
-0.016029342142762887
0.016147853463160663
-0.015387473453631615
0.005162444481093351
-0.06461585679395294
0.047784919847640606
-0.06404595348045326
0.04915460192252553
0.0694118925444785
-0.08852215195474307
-0.03559536224781651
-0.0324091344958566
-0.07263070417476367
-0.059343141988964704
-0.01584166263040068
-0.022126661803120416
-0.009823575220924165
0.0020867654942120116
0.029331126989540268
-0.06270479995542418
-0.013839614390951015
0.04183147748324595
-0.019923114334984497
-0.011424321362772768
-0.009913134493563146
-0.0005557908617591923
0.003343046642608128
0.023008086677226335
0.031644308815786115
-0.07232473147681896
0.0017189025596951715
-0.06435385716634827
-0.021347858155358633
-0.06585860732442134
-0.045805181750905595
0.016535733883353703
0.09897058320954036
-0.0651757852816483
-0.07768147005561886
0.02744826951099113
0.005514658800774056
-0.025272179372276726
-0.038533357986504334
-0.05639590423568917
0.10484163379366063
-0.005063977796933027
0.0025387005829669382
0.09280818891637063
0.028921341824156108
0.0025844153486379653
0.07504744472495607
-0.02894150182910135
-0.03826335089098545
0.0033218084815701265
-0.003994566042515795
-0.04963548948193508
0.024282646153423747
0.015649781125816612
0.05384907388043654
0.004133334297871552
-0.014534853202285201
0.05774533512714058
0.011214444623555163
-0.019696773872263866
0.021188703048383207
-0.049834837642465435
0.055131115744679535
-0.017200014720078115
-0.02893716822860197
0.04219225353121678
0.035145803889760595
-0.01767356097280333
-0.03689591063984824
-0.04077912574954033
0.037218985310761316
0.005965010783888363
0.05556960310506085
-0.01214188723305829
0.08088468787964709
0.01377873743670408
-0.025437909565186136
-0.06453688048567069
0.025029222770788645
0.05954254935633033
0.0015737406450144309
-0.09007760615216322
0.0047635869483078925
-0.010367917514680379
0.06815312919267855
0.0435867262605983
-0.030179741392385648
-0.0016360426226949619
0.009031674602857585
-0.02220448924545806
-0.046348809080094554
-0.004164834437755493
-0.0041754261139774615
0.038663895987156895
-0.016895972164275918
0.0389586268334711
-0.02722965384595295
0.05900992476780187
0.0455875288732417
0.031077903948391303
0.006935867213085737
0.0008712290377278545
-0.02969028787562883
0.04855944715634779
-0.085137071687872
-0.060410224208966114
-0.036622944726066795
-0.06358868098192093
0.03250214789408813
-0.09060340174211322
0.020050232803736148
0.0009139483614871144
-0.0018373588177552356
0.05334129796907451
-0.030674456111274714
-0.03164340887222117
-0.023430572465568882
0.036573959037635925
-0.07733864052353918
-0.0085359559055608
-0.029488149805404613
0.04973367890903859
0.010557225721932843
-0.04535705662067252
0.05427809356365974
-0.01947862078156691
0.07139818517390933
0.022576887844880923
-0.02767085896828953
-0.06834968118450427
-0.022841568610781314
-0.029964170480075034
0.09814560069925633
-0.06568504280122592
-0.03668961887326606
-0.04080097560156675
0.03171201798270044
-0.041066005603092016
0.05998331195000588
-0.04350244028518882
0.06550554397901388
0.05325775723829349
-0.010488003398021088
-0.04535152365927323
-0.06794743473823683
0.016013887472514244
0.02353272468933414
-0.024761791510015677
0.003235776835513038
-0.04110249002637303
0.10481334071777364
-0.023086375256047547
-0.05426235283994264
-0.03880060570616317
0.07004301807250837
-0.07266816897829291
-0.013480592894623986
-0.02480488984194492
-0.04297918416011204
-0.03642366423046514
0.018247725654475716
-0.009206899877194816
-0.032287597961007365
-0.04638410378473982
-0.07916143040497985
0.08884883282815202
0.04683367296918477
0.02120296952239151
-0.004733819284399631
-0.01898072361181835
-0.05245601500978295
-0.007172395223235771
0.06232292538990768
0.05686285764044652
0.050861560776108525
0.04377175093941588
0.028119469256064178
0.03555635451470394
0.006162056645156704
0.004948722090106657
0.03228957107036952
-0.04124989613307737
-0.011301314384363166
-0.027733375612918554
0.02152011691451584
0.0012693103691742117
-0.05881075617308786
-0.028248867187173725
0.025855937334103705
0.025921298274149927
0.012971247156884207
0.027274526775263166
0.04061481922681089
0.026349251896404014
-0.042482620327836694
0.03457127770817482
0.024023543092331897
-0.017382989066872023
-0.029626976167976563
-0.06776149303047456
-0.04614026813121904
0.014960412923863629
-0.035387706187048576
0.005500923750185042
-0.0027528802197244913
-0.033240299889211275
-0.011122656468079101
0.02800352581976812
-0.029433370053472803
-0.005623997463132786
0.06492315301794317
0.011329845133333754
0.029838302036271514
0.0242246638203229
0.017200786100274597
0.020148217544425816
-0.018774104431538766
-0.015969816541759364
-0.032051001101737656
-0.049613714061365985
-0.03662007454885113
0.0029495065584209746
-0.037119340241828495
-0.07758490010403978
-0.023951528828788187
0.044941600795769344
-0.024166346038357572
0.009095910444264523
0.02276854174152344
0.012171025105621782
0.019964921535450136
0.015445451726784727
0.06488884402220062
-0.003094812768566955
-0.0015614611516712059
-0.018828206519143905
0.025221615822207322
-0.03479729177216208
-0.11796752525950897
0.07058908040884336
-0.05474071598996191
0.008056868402478632
0.042260710818506915
-0.019547407935391527
-0.10297317693486228
-0.05265272440720278
-0.07905212007733291
-0.03648047283067515
0.05164635141698384
0.0066871931786687665
-0.030195913395425544
-0.011822814012418106
0.023679951399382664
-0.05121261489598958
0.029289465945277166
-0.06219798919975973
0.008659414462803293
0.05578920236449049
-0.005251837382595126
0.019310747301976842
0.01943809481654423
-0.04618130217527063
0.0017796506122365534
0.0
0.0035864744457666125
0.025115225236308696
0.04345351803262275
-0.01993078525443774
-0.003648709435165509
0.06412781561348363
-0.029361938215822208
0.012929501277737754
0.0629862778638064
-0.0055858693741004635
-0.003739999745912143
0.03937734224724594
-0.0056466990474647975
-0.02076257409554109
-0.015232310408392524
-0.07667464844691184
0.015368140990771306
0.05210731368414425
-0.007742961653059581
0.13816144970353736
-0.048793807605020396
0.035176111519784496
0.00787514408068647
0.06724337977849822
0.027740013711806573
-0.04177023598415907
-0.05192123284035589
0.02201631933148772
-0.020064116970916732
0.022207797891400243
0.004055519458122594
0.01834989293370942
0.03269265512387588
-0.012321653500911233
0.04137591098677295
-0.08957051407955258
0.06497116966001491
0.012598656642804577
-0.04652760790855968
0.019076214899802702
0.04277943220904146
-0.07291191886656936
0.01725506352463204
0.0306759825474934
0.05724019442652114
-0.0044074122848001464
-0.049064314575173996
0.0044786720843638175
0.022609506739794557
0.013631912318020712
-0.006872735071283675
0.018401443461349788
-0.030071338451403622
0.06063977478061206
-0.02806520646422025
-0.03524857533221317
0.01885670055988945
-0.009512909114198635
0.004771884022140355
-0.004801468144923428
0.026465147882639456
0.029061193310445904
0.03396036809319281
0.01709774924209709
-0.024646094289490415
-0.010099171947216063
0.007755179317572154
0.026088449261439835
0.023748090323168828
0.07999906033673417
-0.04331101365806369
-0.0027157289585515235
0.021907045119975713
0.049391271521499726
-0.022099817771692558
0.005648447001793432
-0.05655059557170023
0.04084714253809243
-0.011773479765009672
0.0177052393251824
-0.03275218326229349
-0.0358028127763202
0.036321825802744075
-0.015171963608891642
0.0
0.04326575749146215
0.01257669091459659
-0.031793776080834855
0.03511917511738441
-0.032058070226235795
-0.006430721437609706
-0.04529913501683398
-0.006483479784267442
0.022771170608671808
-0.013222391637929976
0.019928363188234568
0.0
0.03674509794216958
-0.04401101455808756
-0.013722513968932657
-0.01724389043749093
-0.024847480771497704
-0.04995794874025516
0.09299436254569168
-0.014318444428958835
-0.039666946290904496
-0.07231646189179995
-0.039874358757918255
0.003644796964277111
0.10625455578944745
0.04423057194981312
0.08492599381155228
0.029840834734636782
0.011216187756757466
-0.018829971220542946
-0.0492104435062991
-0.06092725228460031
-0.015279563197943926
0.019233613256014352
0.03468278393198498
0.0
0.03110040389118984
0.019559587369218118
-0.015692251950101502
0.043274550887563094
0.003963465886954901
0.007954659847637057
0.04005204153796624
-0.048299093055254455
-0.008057691546363576
0.0040338502714744725
0.00816681613379703
0.036869345387925724
-0.09031613941246994
-0.0041240694463642496
0.0578934179676646
0.008371446557174984
-0.004198271401706569
-0.008419624326332406
0.01693696594771492
-0.012786912744962011
0.017392708203809462
-0.008716859620902927
0.04812947728827372
0.00886947212113001
-0.017789020351055097
-0.026874425307303444
-0.009002109764579831
-0.004525343547577242
0.013598976666626775
-0.02726669396743815
0.009111018670045897
0.004585605765914439
0.009224875742749637
-0.028112011988578104
0.0
-0.023595381823320966
0.0
-0.02856866146223429
0.009537605799019558
0.028686084307636493
0.009593256483150535
-0.028895806855392715
0.004825921320574114
0.029065514054611392
-0.01941470651774429
0.009785999023973107
0.009801049396238527
0.029508094466663182
0.009864164706389015
0.0
-0.004937986203000612
0.009990509003773981
0.0
0.015079515889501198
-0.08569038381396771
-0.060687029938383014
0.06102542022809051
0.0
-0.08677325107822798
0.0
-0.030746645880690787
0.025745656183838075
0.010337404098651942
0.031148056918807784
0.01040894064778318
-0.03126816944521506
0.046960854450874605
0.0
0.0
0.02640086797444624
0.026515470799270156
-0.010679021159753874
0.05911458879836738
0.026899052720151313
-0.00540469322283012
-0.04881772318275034
0.04894413844373163
0.0272287610917316
-0.010941317328906344
0.0
-0.005526002149797658
-0.06639701667240988
0.0
0.016818588773042896
-0.011259072013785905
0.005641288897911099
-0.03394266643977065
0.005672677221496654
-0.01141554259921314
-0.005726499514612334
-0.011496088903062016
0.0
-0.017441812475033843
-0.005832594320181566
0.0
-0.029316523628701085
-0.01176274049465708
0.017701842968554787
0.005916378390976156
0.0356796045793222
-0.03629103504507992
0.036576603044769944
0.0369960983814936
0.012401091114866578
0.0
