Frame	Volume
1	1321.25
2	1337.41
3	1324.1
4	1326.63
5	1330.86
6	1331.69
7	1331.51
8	1332.03
9	1329.56
10	1330.15
11	1329.77
12	1329.54
13	1330.96
14	1332.32
15	1330.61
16	1331.58
17	1331.14
18	1331.99
19	1331.3
20	1331.59
21	1330.41
22	1330.62
23	1331.33
24	1330.85
25	1330.97
26	1331.11
27	1331.55
28	1331.26
29	1329.96
30	1331.84
31	1329.78
32	1330.26
33	1330.89
34	1330.61
35	1331.53
36	1330.78
37	1330.82
38	1331.05
39	1331.13
40	1331.59
41	1330.35
42	1330.98
43	1331.41
44	1331.04
45	1330.88
46	1331.73
47	1331.27
48	1331.48
49	1330.38
50	1331.36
51	1330.07
52	1330.53
53	1330.42
54	1331.26
55	1331.27
56	1330.9
57	1330.18
58	1331.44
59	1330.62
60	1331.08
61	1331.31
62	1331.33
63	1330.62
64	1331.44
65	1330.68
66	1331.14
67	1331.3
68	1330.66
69	1330.44
70	1331.47
71	1331.07
72	1331.54
73	1330.67
74	1330.99
75	1330.3
76	1331.45
77	1330.94
78	1330.99
79	1331.42
80	1331.23
81	1331.74
82	1331.17
83	1331.04
84	1331.13
85	1331.07
86	1331.56
87	1330.54
88	1330.9
89	1331.23
90	1331.11
91	1331.52
92	1330.6
93	1331.4
94	1330.89
95	1331.13
96	1331.03
97	1331.14
98	1330.97
99	1331.36
100	1330.84
101	1331.26
102	1331.93
103	1330.72
104	1331.55
105	1331.23
106	1331.08
107	1331.4
108	1331.27
109	1331.04
110	1331.08
111	1331.09
112	1331
113	1330.84
114	1331.21
115	1331.06
116	1330.86
117	1331.05
118	1331.03
119	1331.06
120	1331.04
121	1331.06
122	1331
123	1330.9
124	1331.31
125	1331
126	1331.25
127	1331.12
128	1331.29
129	1331.28
130	1331.02
131	1330.62
132	1331.27
133	1331.32
134	1330.92
135	1330.87
136	1331.04
137	1331.2
138	1331.24
139	1330.5
140	1331.06
141	1331.02
142	1330.59
143	1330.88
144	1331.05
145	1330.69
146	1331.19
147	1331.24
148	1330.96
149	1331.01
150	1331.09
151	1330.98
152	1330.91
153	1330.83
154	1331.07
155	1331.04
156	1330.79
157	1330.99
158	1331.02
159	1330.91
160	1331.13
161	1330.84
162	1331.12
163	1331.1
164	1330.8
165	1330.9
166	1331.02
167	1331.12
168	1331.07
169	1330.96
170	1330.98
171	1330.84
172	1331.05
173	1330.74
174	1330.92
175	1331.09
176	1331.19
177	1331
178	1330.76
179	1331.09
180	1331.33
181	1331.01
182	1331.12
183	1330.87
184	1330.82
185	1331.05
186	1331.09
187	1330.93
188	1331.12
189	1331.13
190	1331.01
191	1330.96
192	1330.85
193	1331.02
194	1330.9
195	1331.02
196	1330.87
197	1330.88
198	1330.94
199	1331.06
200	1331.05
201	1331.11
202	1330.9
203	1331.24
204	1331.19
205	1331.12
206	1331.17
207	1330.92
208	1331.35
209	1331
210	1331.07
211	1331.09
212	1330.87
213	1331.05
214	1331.08
215	1330.99
216	1330.97
217	1331.17
218	1331.1
219	1331.04
220	1330.97
221	1331.06
222	1331.21
223	1330.81
224	1331.02
225	1330.71
226	1330.92
227	1331.17
228	1331.17
229	1331.1
230	1331.07
231	1330.73
232	1331.17
233	1331.14
234	1331.16
235	1330.96
236	1331.14
237	1330.94
238	1331.08
239	1330.88
240	1330.87
241	1331.12
242	1331.11
243	1331.08
244	1330.95
245	1330.99
246	1331.05
247	1331
248	1330.99
249	1330.77
250	1331.1
251	1331.23
252	1331.14
253	1330.86
254	1331.15
255	1331.04
256	1331.14
257	1331.1
258	1331.13
259	1330.94
260	1330.97
261	1331.02
262	1331.11
263	1331.13
264	1330.83
265	1330.91
266	1330.97
267	1330.94
268	1331.01
269	1331.11
270	1330.99
271	1331.02
272	1330.91
273	1330.92
274	1330.97
275	1330.95
276	1330.9
277	1331.01
278	1331
279	1330.91
280	1331.11
281	1330.99
282	1331
283	1330.94
284	1330.93
285	1331.12
286	1331.04
287	1330.91
288	1330.96
289	1330.93
290	1330.9
291	1330.94
292	1331
293	1331.15
294	1330.98
295	1331.01
296	1331
297	1331.03
298	1331.13
299	1331.09
300	1331.04
301	1331.03
302	1331.07
303	1331.03
304	1331.04
305	1331.01
306	1330.98
307	1331.03
308	1331.02
309	1330.88
310	1330.98
311	1330.92
312	1330.94
313	1330.88
314	1330.97
315	1331.08
316	1330.94
317	1331.1
318	1331.03
319	1331.13
320	1330.97
321	1331.04
322	1331.14
323	1331.04
324	1330.95
325	1331.01
326	1330.98
327	1330.97
328	1330.91
329	1330.97
330	1330.95
331	1330.95
332	1331.05
333	1331.01
334	1331.03
335	1331
336	1331.06
337	1331.16
338	1330.99
339	1331.04
340	1331.08
341	1330.93
342	1331.1
343	1331.1
344	1331.01
345	1331.08
346	1330.99
347	1331
348	1330.98
349	1330.98
350	1331.01
351	1331.01
352	1331.1
353	1330.97
354	1331.04
355	1331.06
356	1330.97
357	1330.98
358	1330.96
359	1330.99
360	1331.01
361	1331
362	1331.05
363	1331.02
364	1331
365	1331.03
366	1331.08
367	1331
368	1330.94
369	1331.04
370	1331.01
371	1330.97
372	1331
373	1331.03
374	1330.99
375	1331
376	1331
377	1330.96
378	1331.15
379	1331
380	1330.93
381	1331
382	1330.81
383	1331.04
384	1330.97
385	1331.12
386	1330.91
387	1330.99
388	1331.08
389	1331.06
390	1331.04
391	1331.05
392	1330.95
393	1331.03
394	1331.03
395	1331.03
396	1331.04
397	1330.93
398	1331.11
399	1330.94
400	1331.08
401	1331.09
402	1330.96
403	1330.93
404	1331.08
405	1330.95
406	1331.01
407	1330.92
408	1331.07
409	1331.02
410	1331.02
411	1331.05
412	1330.98
413	1330.98
414	1331.01
415	1331.03
416	1330.94
417	1331.05
418	1331.03
419	1331.01
420	1331.02
421	1330.99
422	1330.99
423	1331.01
424	1330.99
425	1330.99
426	1331.03
427	1331.02
428	1331.05
429	1330.98
430	1330.96
431	1330.99
432	1330.94
433	1331.04
434	1331.06
435	1330.98
436	1330.96
437	1331
438	1331.01
439	1331.07
440	1331
441	1331.03
442	1331.04
443	1331.07
444	1331.01
445	1330.96
446	1331.05
447	1331.01
448	1330.99
449	1331.01
450	1331.07
451	1331.01
452	1331.05
453	1330.99
454	1331.01
455	1331.01
456	1331.02
457	1331.03
458	1330.99
459	1331
460	1331
461	1331.05
462	1331.03
463	1331.01
464	1331.01
465	1331.07
466	1330.92
467	1331.01
468	1331.01
469	1331.12
470	1331.05
471	1331.03
472	1330.93
473	1330.97
474	1330.96
475	1330.93
476	1331.02
477	1331.04
478	1331.03
479	1331.01
480	1331.03
481	1331.03
482	1330.97
483	1330.99
484	1330.98
485	1330.99
486	1331.03
487	1331.04
488	1331.01
489	1331
490	1330.99
491	1331.05
492	1331.03
493	1331.03
494	1331
495	1331.02
496	1331.02
497	1331.02
498	1330.99
499	1331
500	1331.01
501	1331.02
502	1331
503	1331.02
504	1331
505	1331.03
506	1330.99
507	1331.01
508	1331.03
509	1331.03
510	1331.03
511	1331.01
512	1331.02
513	1331.04
514	1331.01
515	1331.01
516	1331.01
517	1331
518	1331
519	1330.99
520	1331.04
521	1331.05
522	1330.99
523	1331.02
524	1331.01
525	1331.02
526	1331
527	1331
528	1331.01
529	1331.01
530	1331.01
531	1331.02
532	1331.01
533	1331.01
534	1331.01
535	1331.02
536	1331.01
537	1331
538	1331.04
539	1331.04
540	1331.01
541	1331.01
542	1331.04
543	1331
544	1331.01
545	1331.01
546	1331.01
547	1331
548	1331.01
549	1331.01
550	1331.01
551	1331.01
552	1331.01
553	1331.01
554	1331
555	1331.02
556	1330.98
557	1330.97
558	1331
559	1331.03
560	1331.01
561	1331.02
562	1331.02
563	1331.01
564	1331.01
565	1331.04
566	1331.02
567	1331.01
568	1331.04
569	1331.01
570	1331.04
571	1331
572	1331
573	1331
574	1331.01
575	1331.03
576	1331.01
577	1331.01
578	1331.01
579	1331
580	1331
581	1331
582	1331
583	1331
584	1331.02
585	1330.99
586	1331
587	1331.02
588	1331.01
