Frame	Volume
1	1322.25
2	1270
3	1319.59
4	1348.52
5	1325.74
6	1322.38
7	1307.69
8	1321.8
9	1330.24
10	1319.39
11	1321.86
12	1336.76
13	1331.67
14	1326.27
15	1333.38
16	1322.8
17	1330.36
18	1327.16
19	1324.33
20	1328.82
21	1329.24
22	1327.95
23	1330.07
24	1331.74
25	1331.28
26	1326.08
27	1328.87
28	1330.05
29	1335.47
30	1328.21
31	1335.75
32	1333.88
33	1331.91
34	1332.74
35	1328.99
36	1331.74
37	1331.61
38	1331.24
39	1325.39
40	1324.1
41	1333.92
42	1330.88
43	1329.3
44	1331.05
45	1330.99
46	1328.43
47	1330.1
48	1329.06
49	1333.92
50	1329.74
51	1334.53
52	1332.85
53	1332.99
54	1329.9
55	1330.05
56	1331.34
57	1334.18
58	1329.27
59	1332.6
60	1330.85
61	1329.81
62	1329.73
63	1328.29
64	1329.59
65	1332.57
66	1330.55
67	1329.98
68	1332.77
69	1333.04
70	1329.06
71	1330.48
72	1328.99
73	1332.4
74	1331.03
75	1333.87
76	1329.32
77	1331.41
78	1331
79	1329.33
80	1330.44
81	1328.45
82	1330.67
83	1331.29
84	1330.27
85	1330.9
86	1329.06
87	1332.65
88	1327.35
89	1329.98
90	1330.47
91	1329.49
92	1327.58
93	1329.68
94	1331.65
95	1330.77
96	1331.35
97	1330.65
98	1331.06
99	1329.73
100	1332.15
101	1329.83
102	1327.91
103	1328.38
104	1329.31
105	1330.39
106	1330.66
107	1329.48
108	1329.81
109	1330.74
110	1330.66
111	1330.83
112	1331.2
113	1331.54
114	1330.02
115	1330.81
116	1331.78
117	1330.65
118	1330.79
119	1330.78
120	1331
121	1330.84
122	1331.33
123	1331.64
124	1329.64
125	1330.9
126	1329.9
127	1330.61
128	1330.09
129	1330.08
130	1331.35
131	1328.54
132	1330.07
133	1329.77
134	1331.5
135	1331.04
136	1330.55
137	1330.44
138	1329.96
139	1332.76
140	1330.77
141	1331
142	1328.45
143	1331.57
144	1331.12
145	1332.32
146	1330.58
147	1330.5
148	1331.09
149	1330.83
150	1330.29
151	1331.4
152	1331.32
153	1331.72
154	1331.11
155	1330.67
156	1331.99
157	1331.18
158	1330.77
159	1331.21
160	1330.27
161	1331.77
162	1330.72
163	1330.73
164	1331.52
165	1331.52
166	1330.88
167	1330.6
168	1330.54
169	1331.55
170	1331.08
171	1331.6
172	1331.09
173	1332.15
174	1331.33
175	1330.58
176	1330.35
177	1331.29
178	1331.89
179	1331.13
180	1329.77
181	1331.06
182	1330.72
183	1331.86
184	1331.6
185	1330.61
186	1330.74
187	1331.13
188	1330.84
189	1330.47
190	1330.95
191	1331.05
192	1331.46
193	1330.82
194	1331.29
195	1330.76
196	1331.57
197	1331.61
198	1331.4
199	1330.95
200	1330.92
201	1330.59
202	1331.63
203	1329.93
204	1330.33
205	1330.63
206	1330.37
207	1331.15
208	1329.95
209	1331.19
210	1331.04
211	1330.99
212	1331.34
213	1330.79
214	1330.53
215	1330.88
216	1331.27
217	1330.26
218	1330.86
219	1330.87
220	1331.44
221	1331.02
222	1330.43
223	1331.66
224	1330.87
225	1331.92
226	1331.49
227	1330.62
228	1330.16
229	1330.79
230	1330.66
231	1331.93
232	1330.42
233	1330.49
234	1330.39
235	1331.31
236	1330.52
237	1331.55
238	1330.62
239	1331.54
240	1331.6
241	1330.77
242	1330.68
243	1330.57
244	1331.16
245	1331.2
246	1330.84
247	1330.99
248	1330.78
249	1332.01
250	1330.9
251	1330.44
252	1330.82
253	1331.65
254	1330.25
255	1330.77
256	1330.87
257	1330.55
258	1330.5
259	1331.25
260	1330.91
261	1330.79
262	1330.71
263	1330.34
264	1331.77
265	1331.44
266	1331.19
267	1331.14
268	1330.95
269	1330.5
270	1330.87
271	1331.21
272	1331.45
273	1331.44
274	1331.33
275	1331.2
276	1331.34
277	1330.93
278	1330.96
279	1331.36
280	1330.69
281	1330.98
282	1330.74
283	1331.24
284	1331.03
285	1330.5
286	1330.72
287	1331.18
288	1331.13
289	1331.08
290	1331.12
291	1331.35
292	1331.16
293	1330.72
294	1331.18
295	1331.09
296	1330.99
297	1330.96
298	1330.61
299	1330.57
300	1331.02
301	1330.9
302	1330.83
303	1330.88
304	1330.7
305	1331.09
306	1331.15
307	1330.81
308	1330.96
309	1331.58
310	1331.15
311	1331.26
312	1331.29
313	1331.18
314	1331.13
315	1330.75
316	1330.86
317	1330.85
318	1330.82
319	1330.77
320	1331.17
321	1330.77
322	1330.42
323	1330.93
324	1331.48
325	1330.86
326	1331.14
327	1331.28
328	1331.24
329	1331.07
330	1331.22
331	1331.43
332	1330.86
333	1331.09
334	1330.91
335	1331.16
336	1330.66
337	1330.24
338	1331.37
339	1330.64
340	1330.9
341	1331.22
342	1330.79
343	1330.35
344	1330.77
345	1330.58
346	1330.88
347	1331.27
348	1330.99
349	1331
350	1330.9
351	1331.14
352	1330.72
353	1331.1
354	1330.7
355	1331.02
356	1331.46
357	1330.99
358	1331.22
359	1330.99
360	1330.84
361	1331.05
362	1330.99
363	1331
364	1331.11
365	1331.17
366	1330.93
367	1331.02
368	1331.2
369	1331.01
370	1330.96
371	1331.2
372	1331.04
373	1330.96
374	1331.1
375	1331.01
376	1330.81
377	1330.99
378	1330.62
379	1330.95
380	1331.28
381	1331.04
382	1331.71
383	1330.92
384	1331.19
385	1330.97
386	1331.32
387	1331.01
388	1330.71
389	1330.79
390	1331.01
391	1330.91
392	1331.09
393	1330.99
394	1330.82
395	1331.02
396	1330.94
397	1331.22
398	1330.66
399	1331.45
400	1330.89
401	1330.77
402	1331.25
403	1331.31
404	1330.63
405	1331.07
406	1331.01
407	1331.32
408	1331.02
409	1330.82
410	1331.02
411	1331.02
412	1330.94
413	1331.08
414	1331.17
415	1330.83
416	1331.22
417	1330.88
418	1330.88
419	1331.07
420	1331.12
421	1331.01
422	1331.07
423	1331.08
424	1331.12
425	1331.18
426	1331.03
427	1330.97
428	1330.97
429	1331.09
430	1331.12
431	1330.99
432	1331.25
433	1330.86
434	1331.02
435	1331.16
436	1331.31
437	1330.86
438	1331.05
439	1330.81
440	1331.07
441	1331.07
442	1331.02
443	1330.91
444	1330.9
445	1331.13
446	1330.87
447	1331.11
448	1331.07
449	1331.11
450	1330.89
451	1331.12
452	1330.8
453	1331
454	1330.92
455	1330.88
456	1331.06
457	1330.8
458	1330.99
459	1330.99
460	1331.15
461	1330.86
462	1331.01
463	1331.06
464	1331.06
465	1331.01
466	1331.23
467	1331
468	1330.92
469	1330.76
470	1330.85
471	1330.92
472	1331.37
473	1331.22
474	1331.2
475	1331.07
476	1331
477	1330.96
478	1330.91
479	1330.89
480	1330.96
481	1330.93
482	1331.13
483	1331.09
484	1331.16
485	1330.97
486	1331.03
487	1331.1
488	1331.04
489	1330.98
490	1331.04
491	1331
492	1330.97
493	1331.06
494	1331.12
495	1331.05
496	1330.92
497	1331
498	1331.06
499	1331.04
500	1331.07
501	1331.03
502	1331.05
503	1331
504	1331.06
505	1330.98
506	1331.19
507	1331.03
508	1330.9
509	1331.02
510	1331
511	1331.05
512	1331.08
513	1330.98
514	1331.03
515	1331.02
516	1331.08
517	1331.02
518	1330.98
519	1331.01
520	1330.96
521	1331.01
522	1331.08
523	1330.98
524	1331
525	1330.94
526	1330.97
527	1331.06
528	1330.98
529	1331.01
530	1330.98
531	1331.04
532	1331.09
533	1330.99
534	1331.02
535	1331.02
536	1331.06
537	1331.01
538	1330.9
539	1330.93
540	1331.08
541	1330.97
542	1330.94
543	1331.05
544	1330.98
545	1331.05
546	1331.04
547	1331.03
548	1331.04
549	1330.93
550	1331.13
551	1331.08
552	1330.97
553	1331.12
554	1331.06
555	1330.94
556	1331.14
557	1331.11
558	1331.02
559	1330.96
560	1331.01
561	1331.09
562	1330.97
563	1330.99
564	1331.02
565	1330.99
566	1330.96
567	1331.07
568	1330.98
569	1331.08
570	1330.93
571	1331.02
572	1330.99
573	1330.96
574	1331.03
575	1330.96
576	1331
577	1331.04
578	1330.98
579	1331.01
580	1331.01
581	1331.03
582	1331.06
583	1331.06
584	1330.95
585	1331.06
586	1331.07
587	1331.01
588	1331
