Frame	Volume
1	1438.77
2	1468.6
3	1432.36
4	1415.59
5	1439.92
6	1434.58
7	1441.15
8	1440.34
9	1430.91
10	1441.2
11	1436.37
12	1434.73
13	1436.96
14	1438.6
15	1436.09
16	1437.75
17	1437.09
18	1440
19	1437.05
20	1437.82
21	1433.23
22	1434.43
23	1436.96
24	1437.25
25	1436.79
26	1436.97
27	1437.6
28	1436.59
29	1432.42
30	1438.93
31	1432.85
32	1434.88
33	1435.34
34	1434.57
35	1439.01
36	1437.37
37	1436.6
38	1435.41
39	1437.48
40	1438.32
41	1434.18
42	1435.41
43	1437.21
44	1436.11
45	1436.42
46	1436.66
47	1437.24
48	1437.64
49	1434.49
50	1437.52
51	1434.37
52	1434.43
53	1435.04
54	1437.22
55	1437.33
56	1435.79
57	1434.8
58	1437.47
59	1435.27
60	1436.5
61	1436.57
62	1437.39
63	1435.6
64	1437.66
65	1434.62
66	1435.23
67	1438.36
68	1435.71
69	1435.75
70	1436.92
71	1437.41
72	1437.15
73	1435.19
74	1435.53
75	1434.92
76	1436.98
77	1435.52
78	1436.43
79	1437.47
80	1435.99
81	1438.25
82	1435.94
83	1438.05
84	1436.82
85	1436.63
86	1437.8
87	1435.66
88	1435.67
89	1437.25
90	1434.98
91	1438.88
92	1434.36
93	1439.41
94	1435.7
95	1436.39
96	1436.31
97	1436.85
98	1436.36
99	1437.18
100	1438.47
101	1436.66
102	1439.09
103	1435.07
104	1437.65
105	1436.43
106	1436.55
107	1437.07
108	1436.5
109	1436.17
110	1436.79
111	1436.62
112	1435.87
113	1435.9
114	1436.72
115	1436.37
116	1435.29
117	1435.87
118	1436.27
119	1436.76
120	1436.48
121	1436.29
122	1435.57
123	1436.52
124	1437.14
125	1436.32
126	1436.52
127	1436.54
128	1436.48
129	1436.68
130	1436.38
131	1434.49
132	1437.21
133	1436.66
134	1435.81
135	1436.62
136	1435.79
137	1436.55
138	1437
139	1435.53
140	1436.25
141	1436.22
142	1435.31
143	1435.95
144	1436.81
145	1435.72
146	1437.18
147	1436.65
148	1436.39
149	1436.44
150	1436.15
151	1435.87
152	1436.09
153	1436.18
154	1436.23
155	1436.65
156	1435.49
157	1435.7
158	1436.61
159	1435.66
160	1436.72
161	1435.53
162	1436.15
163	1436.58
164	1436.02
165	1436.24
166	1436.55
167	1436.59
168	1436.93
169	1436.41
170	1436.11
171	1436.07
172	1436.19
173	1435.62
174	1436.27
175	1436.43
176	1436.36
177	1436.29
178	1435.88
179	1436.31
180	1437.37
181	1436.35
182	1436.19
183	1436.15
184	1435.81
185	1436.67
186	1436.39
187	1436.04
188	1436.42
189	1436.57
190	1436.46
191	1436.14
192	1435.99
193	1436.33
194	1436.04
195	1436.61
196	1435.84
197	1435.8
198	1435.82
199	1436.14
200	1436.67
201	1436.52
202	1435.73
203	1436.63
204	1436.84
205	1436.44
206	1436.57
207	1436.06
208	1436.86
209	1436.09
210	1435.87
211	1436.25
212	1435.81
213	1436.45
214	1436.57
215	1436.54
216	1436.52
217	1436.69
218	1436.51
219	1436.25
220	1435.79
221	1436.59
222	1436.57
223	1435.82
224	1435.97
225	1435.84
226	1436.19
227	1436.53
228	1436.7
229	1436.59
230	1436.27
231	1435.56
232	1436.45
233	1436.33
234	1436.69
235	1436.35
236	1436.4
237	1435.85
238	1436.67
239	1436.07
240	1435.9
241	1436.43
242	1436.55
243	1436.54
244	1436.22
245	1436.28
246	1436.42
247	1436.24
248	1436.47
249	1435.67
250	1436.24
251	1436.5
252	1436.38
253	1436.01
254	1436.77
255	1436.39
256	1436.32
257	1436.74
258	1436.74
259	1436.09
260	1436.18
261	1436.42
262	1436.47
263	1436.72
264	1435.75
265	1436.14
266	1435.99
267	1436.08
268	1436.56
269	1436.54
270	1436.17
271	1436.08
272	1436.01
273	1436.04
274	1436.14
275	1436.11
276	1435.75
277	1436.25
278	1436.34
279	1436.06
280	1436.29
281	1436.15
282	1436.33
283	1436.15
284	1436.34
285	1436.49
286	1436.57
287	1436.12
288	1436.23
289	1436.17
290	1436.07
291	1436.25
292	1436.21
293	1436.43
294	1436.23
295	1436.11
296	1436.22
297	1436.36
298	1436.42
299	1436.55
300	1435.97
301	1436.19
302	1436.54
303	1436.46
304	1436.37
305	1436.17
306	1436.18
307	1436.27
308	1436.22
309	1435.95
310	1436.19
311	1435.98
312	1436.18
313	1436.09
314	1436.12
315	1436.56
316	1436.34
317	1436.25
318	1436.69
319	1436.57
320	1436.27
321	1436.28
322	1436.18
323	1436.27
324	1436.33
325	1436.24
326	1436.06
327	1436.1
328	1436.12
329	1436.35
330	1436.2
331	1436.09
332	1436.46
333	1436.17
334	1436.19
335	1436.19
336	1436.11
337	1436.23
338	1436.03
339	1436.43
340	1436.18
341	1435.9
342	1436.38
343	1436.9
344	1436.36
345	1436.59
346	1436.28
347	1435.94
348	1436.22
349	1436.3
350	1436.36
351	1436.06
352	1436.53
353	1436.07
354	1436.41
355	1436.38
356	1436.02
357	1436.18
358	1436.04
359	1436.23
360	1436.38
361	1436.23
362	1436.22
363	1436.24
364	1436.2
365	1436.22
366	1436.29
367	1436.25
368	1436.23
369	1436.4
370	1436.26
371	1436
372	1436.26
373	1436.31
374	1436.2
375	1436.26
376	1436.4
377	1436.34
378	1436.51
379	1436.17
380	1436.17
381	1436.19
382	1435.8
383	1436.45
384	1436.16
385	1436.37
386	1436.07
387	1436.26
388	1436.54
389	1436.33
390	1436.15
391	1436.43
392	1436.03
393	1436.1
394	1436.41
395	1436.27
396	1436.48
397	1436.2
398	1436.41
399	1435.93
400	1436.39
401	1436.41
402	1436.18
403	1436.03
404	1436.5
405	1436.29
406	1436.3
407	1436.14
408	1436.36
409	1436.43
410	1436.42
411	1436.22
412	1436.32
413	1436.27
414	1436.11
415	1436.21
416	1436.16
417	1436.32
418	1436.34
419	1436.37
420	1436.23
421	1436.31
422	1436.19
423	1436.17
424	1436.09
425	1436.15
426	1436.26
427	1436.26
428	1436.35
429	1436.25
430	1436.11
431	1436.26
432	1436.06
433	1436.34
434	1436.29
435	1436.1
436	1436.12
437	1436.4
438	1436.23
439	1436.37
440	1436.29
441	1436.19
442	1436.22
443	1436.26
444	1436.4
445	1436.11
446	1436.35
447	1436.15
448	1436.31
449	1436.2
450	1436.37
451	1436.1
452	1436.44
453	1436.26
454	1436.23
455	1436.36
456	1436.18
457	1436.37
458	1436.27
459	1436.23
460	1436.15
461	1436.33
462	1436.29
463	1436.25
464	1436.3
465	1436.34
466	1436.07
467	1436.21
468	1436.32
469	1436.37
470	1436.45
471	1436.45
472	1436.08
473	1436.2
474	1436.12
475	1436.2
476	1436.27
477	1436.35
478	1436.32
479	1436.32
480	1436.37
481	1436.35
482	1436.21
483	1436.23
484	1436.18
485	1436.29
486	1436.28
487	1436.26
488	1436.29
489	1436.28
490	1436.22
491	1436.33
492	1436.31
493	1436.22
494	1436.18
495	1436.24
496	1436.22
497	1436.27
498	1436.16
499	1436.11
500	1436.27
501	1436.23
502	1436.26
503	1436.28
504	1436.25
505	1436.33
506	1436.15
507	1436.27
508	1436.38
509	1436.27
510	1436.3
511	1436.23
512	1436.2
513	1436.33
514	1436.25
515	1436.27
516	1436.26
517	1436.26
518	1436.27
519	1436.28
520	1436.31
521	1436.31
522	1436.13
523	1436.28
524	1436.25
525	1436.37
526	1436.26
527	1436.21
528	1436.28
529	1436.29
530	1436.15
531	1436.29
532	1436.17
533	1436.3
534	1436.28
535	1436.29
536	1436.24
537	1436.16
538	1436.34
539	1436.29
540	1436.15
541	1436.23
542	1436.26
543	1436.19
544	1436.3
545	1436.24
546	1436.27
547	1436.14
548	1436.26
549	1436.36
550	1436.12
551	1436.22
552	1436.17
553	1436.21
554	1436.13
555	1436.31
556	1436.16
557	1436.16
558	1436.23
559	1436.31
560	1436.25
561	1436.22
562	1436.29
563	1436.3
564	1436.26
565	1436.34
566	1436.32
567	1436.25
568	1436.33
569	1436.26
570	1436.22
571	1436.22
572	1436.29
573	1436.16
574	1436.19
575	1436.31
576	1436.29
577	1436.27
578	1436.27
579	1436.31
580	1436.28
581	1436.27
582	1436.24
583	1436.27
584	1436.3
585	1436.21
586	1436.24
587	1436.29
588	1436.28
