Frame	Volume
1	2288.91
2	2333.39
3	2303.21
4	2293.23
5	2308.37
6	2304.21
7	2313.29
8	2312.03
9	2301.98
10	2312.62
11	2304.97
12	2305.85
13	2304.98
14	2309.94
15	2304.2
16	2310.34
17	2311.09
18	2310.11
19	2309.16
20	2310.62
21	2305.62
22	2305.54
23	2305.55
24	2309.07
25	2308
26	2306.83
27	2309.41
28	2308.51
29	2303.97
30	2310.31
31	2306.74
32	2304.64
33	2305.89
34	2306.5
35	2311.83
36	2307.36
37	2307.35
38	2307.71
39	2307.38
40	2309.82
41	2305.48
42	2307.21
43	2308.2
44	2306.89
45	2307.19
46	2308.36
47	2309.26
48	2308.41
49	2305.77
50	2306.62
51	2307
52	2306.21
53	2306.44
54	2309.03
55	2307.5
56	2306.9
57	2305.68
58	2308
59	2306.93
60	2307.21
61	2307.35
62	2307.74
63	2305.51
64	2308.42
65	2307.97
66	2306.92
67	2308.5
68	2306.94
69	2306.54
70	2307.97
71	2307.15
72	2307.95
73	2307.35
74	2305.94
75	2307.03
76	2307.65
77	2306.97
78	2307.82
79	2307.57
80	2307.3
81	2309.04
82	2307.23
83	2307.45
84	2307.19
85	2307.29
86	2308.17
87	2305.8
88	2308.14
89	2308.49
90	2308.18
91	2307.83
92	2307.57
93	2309
94	2306.27
95	2307.53
96	2307.1
97	2306.88
98	2308.05
99	2306.67
100	2306.81
101	2306.66
102	2308.14
103	2307.83
104	2307.42
105	2307.5
106	2306.33
107	2308.04
108	2307.63
109	2307.53
110	2308.24
111	2307.13
112	2306.75
113	2306.53
114	2307.16
115	2307.56
116	2307.61
117	2307.34
118	2307.46
119	2307.27
120	2307.31
121	2307.28
122	2307
123	2306.95
124	2307.21
125	2307.38
126	2307.95
127	2307.38
128	2307.01
129	2307.85
130	2307.96
131	2306.11
132	2307.71
133	2307.57
134	2307.71
135	2307.56
136	2306.67
137	2307.64
138	2308.97
139	2306.49
140	2308.25
141	2307.46
142	2307.06
143	2307.6
144	2306.81
145	2307.32
146	2307.58
147	2307.76
148	2307.34
149	2307.46
150	2307.91
151	2307.39
152	2307.09
153	2307.76
154	2308.3
155	2307.51
156	2307.27
157	2307.21
158	2307.61
159	2307.03
160	2308.1
161	2307.49
162	2307.12
163	2307.52
164	2307.59
165	2306.66
166	2307.54
167	2307.28
168	2308.69
169	2307.65
170	2307.37
171	2307.28
172	2306.93
173	2306.98
174	2307.58
175	2307.5
176	2308.01
177	2307.32
178	2307.06
179	2307.17
180	2307.47
181	2307.26
182	2307.48
183	2307.14
184	2307.22
185	2307.85
186	2306.58
187	2307.5
188	2307.74
189	2307.64
190	2307.4
191	2307.6
192	2307.53
193	2307.14
194	2307.09
195	2307.77
196	2307.67
197	2307.46
198	2307.12
199	2306.91
200	2307.17
201	2307.86
202	2307.32
203	2307.56
204	2307.6
205	2308.04
206	2307.35
207	2307.64
208	2307.78
209	2307.31
210	2307.66
211	2307.67
212	2307.05
213	2306.97
214	2307.15
215	2307.67
216	2307.63
217	2307.71
218	2307.34
219	2307.35
220	2307.7
221	2307.48
222	2307.43
223	2307.28
224	2308.2
225	2307.14
226	2307.53
227	2307.51
228	2307.54
229	2307.36
230	2307.21
231	2307.07
232	2307.62
233	2307.78
234	2307.73
235	2307.68
236	2307.97
237	2307.64
238	2307.63
239	2307.28
240	2306.96
241	2307.62
242	2307.48
243	2308
244	2307.07
245	2307.15
246	2307.14
247	2307.38
248	2308.08
249	2307.06
250	2307.58
251	2307.95
252	2307.35
253	2307.36
254	2307.59
255	2307.77
256	2307.44
257	2307.5
258	2307.31
259	2307.47
260	2307.73
261	2307.39
262	2307.73
263	2307.9
264	2307.17
265	2307.57
266	2307.73
267	2307.28
268	2307.72
269	2307.62
270	2307.49
271	2307.2
272	2307.24
273	2307.43
274	2307.27
275	2307.37
276	2307.55
277	2307.64
278	2307.31
279	2307.23
280	2307.69
281	2307.67
282	2307.62
283	2307.4
284	2307.48
285	2307.49
286	2307.48
287	2307.29
288	2307.41
289	2307.85
290	2307.27
291	2307.39
292	2307.53
293	2307.87
294	2307.57
295	2307.51
296	2307.09
297	2307.51
298	2307.6
299	2307.26
300	2307.68
301	2307.34
302	2307.72
303	2307.4
304	2307.39
305	2307.33
306	2307.48
307	2307.61
308	2307.46
309	2307.11
310	2307.5
311	2307.37
312	2307.31
313	2307.32
314	2307.27
315	2307.61
316	2307.55
317	2307.52
318	2307.39
319	2307.47
320	2307.47
321	2307.47
322	2307.63
323	2307.38
324	2307.03
325	2307.67
326	2307.2
327	2307.2
328	2307.14
329	2307.38
330	2307.31
331	2307.2
332	2307.68
333	2307.29
334	2307.53
335	2307.25
336	2307.53
337	2307.77
338	2307.27
339	2307.85
340	2307.68
341	2307.49
342	2307.5
343	2307.68
344	2307.75
345	2307.64
346	2307.65
347	2307.34
348	2307.24
349	2307.57
350	2307.43
351	2307.4
352	2307.61
353	2307.28
354	2307.64
355	2307.46
356	2307.24
357	2307.45
358	2307.26
359	2307.43
360	2307.75
361	2307.41
362	2307.17
363	2307.57
364	2307.38
365	2307.24
366	2307.51
367	2307.39
368	2307.5
369	2307.42
370	2307.55
371	2307.36
372	2307.53
373	2307.34
374	2307.32
375	2307.44
376	2307.55
377	2307.58
378	2307.65
379	2307.59
380	2307.48
381	2307.37
382	2307.61
383	2307.53
384	2307.4
385	2307.18
386	2307.41
387	2307.46
388	2307.47
389	2307.48
390	2307.71
391	2307.37
392	2307.34
393	2307.44
394	2307.41
395	2307.31
396	2307.69
397	2307.6
398	2307.63
399	2307.4
400	2307.58
401	2307.5
402	2307.43
403	2307.5
404	2307.46
405	2307.31
406	2307.32
407	2307.33
408	2307.41
409	2307.54
410	2307.62
411	2307.54
412	2307.35
413	2307.51
414	2307.47
415	2307.43
416	2307.36
417	2307.48
418	2307.59
419	2307.67
420	2307.58
421	2307.38
422	2307.35
423	2307.58
424	2307.26
425	2307.62
426	2307.4
427	2307.56
428	2307.53
429	2307.43
430	2307.28
431	2307.48
432	2307.4
433	2307.52
434	2307.47
435	2307.46
436	2307.34
437	2307.45
438	2307.41
439	2307.5
440	2307.44
441	2307.35
442	2307.55
443	2307.35
444	2307.63
445	2307.41
446	2307.43
447	2307.39
448	2307.58
449	2307.43
450	2307.56
451	2307.38
452	2307.52
453	2307.54
454	2307.53
455	2307.52
456	2307.4
457	2307.47
458	2307.61
459	2307.4
460	2307.39
461	2307.55
462	2307.34
463	2307.54
464	2307.3
465	2307.39
466	2307.31
467	2307.66
468	2307.53
469	2307.58
470	2307.59
471	2307.58
472	2307.47
473	2307.52
474	2307.48
475	2307.43
476	2307.42
477	2307.66
478	2307.62
479	2307.52
480	2307.39
481	2307.55
482	2307.3
483	2307.45
484	2307.42
485	2307.49
486	2307.47
487	2307.48
488	2307.49
489	2307.44
490	2307.44
491	2307.52
492	2307.56
493	2307.42
494	2307.45
495	2307.47
496	2307.49
497	2307.41
498	2307.45
499	2307.38
500	2307.56
501	2307.43
502	2307.44
503	2307.5
504	2307.43
505	2307.56
506	2307.35
507	2307.36
508	2307.55
509	2307.47
510	2307.44
511	2307.49
512	2307.5
513	2307.47
514	2307.49
515	2307.42
516	2307.5
517	2307.48
518	2307.46
519	2307.41
520	2307.45
521	2307.49
522	2307.41
523	2307.45
524	2307.46
525	2307.55
526	2307.46
527	2307.4
528	2307.5
529	2307.55
530	2307.42
531	2307.5
532	2307.45
533	2307.48
534	2307.4
535	2307.51
536	2307.48
537	2307.43
538	2307.53
539	2307.48
540	2307.48
541	2307.45
542	2307.5
543	2307.51
544	2307.4
545	2307.46
546	2307.47
547	2307.47
548	2307.44
549	2307.49
550	2307.45
551	2307.42
552	2307.38
553	2307.43
554	2307.49
555	2307.49
556	2307.44
557	2307.41
558	2307.46
559	2307.45
560	2307.41
561	2307.49
562	2307.48
563	2307.46
564	2307.46
565	2307.52
566	2307.53
567	2307.47
568	2307.54
569	2307.45
570	2307.5
571	2307.41
572	2307.5
573	2307.45
574	2307.48
575	2307.51
576	2307.54
577	2307.42
578	2307.54
579	2307.46
580	2307.49
581	2307.51
582	2307.42
583	2307.41
584	2307.51
585	2307.49
586	2307.4
587	2307.47
588	2307.44
