Frame	Volume
1	886.211
2	884.71
3	883.222
4	879.157
5	873.813
6	880.235
7	878.54
8	876.031
9	878.838
10	881.128
11	880.455
12	878.921
13	880.404
14	878.257
15	877.637
16	878.338
17	878.939
18	880.012
19	876.78
20	877.756
21	879.596
22	878.406
23	877.051
24	879.09
25	879.365
26	879.961
27	876.999
28	877.903
29	878.8
30	877.992
31	878.736
32	878.646
33	879.058
34	879.601
35	879.401
36	878.807
37	878.002
38	879.237
39	877.634
40	877.496
41	879.097
42	877.866
43	877.778
44	879.034
45	879.015
46	878.048
47	877.74
48	878.535
49	878.629
50	878.088
51	878.349
52	878.037
53	878.423
54	878.336
55	879.807
56	877.726
57	879.082
58	877.239
59	878.449
60	879.125
61	878.119
62	879.8
63	878.127
64	878.863
65	878.729
66	878.953
67	878.922
68	877.42
69	879.469
70	878.79
71	878.9
72	878.13
73	878.493
74	878.148
75	878.273
76	877.585
77	878.878
78	878.249
79	878.328
80	879.192
81	878.841
82	878.565
83	878.772
84	878.136
85	878.682
86	878.843
87	877.813
88	877.651
89	878.938
90	878.997
91	879.61
92	878.684
93	879.29
94	878.54
95	878.619
96	879.232
97	878.477
98	878.2
99	878.722
100	878.543
101	879.05
102	878.146
103	878.507
104	878.624
105	879.05
106	878.687
107	878.8
108	878.572
109	878.561
110	878.513
111	878.429
112	877.623
113	879.132
114	878.931
115	878.943
116	879.04
117	878.267
118	878.976
119	878.499
120	879.31
121	878.445
122	878.323
123	878.584
124	878.841
125	879.09
126	878.333
127	878.316
128	878.325
129	878.657
130	878.43
131	878.673
132	878.756
133	878.263
134	878.527
135	878.015
136	878.972
137	878.654
138	878.959
139	878.664
140	879.019
141	878.647
142	878.641
143	878.892
144	878.511
145	878.668
146	878.598
147	878.506
148	877.97
149	879.011
150	878.891
151	878.564
152	878.899
153	878.833
154	879.637
155	878.313
156	878.807
157	878.883
158	878.458
159	878.153
160	878.566
161	879.143
162	878.852
163	878.538
164	878.306
165	878.378
166	878.504
167	877.942
168	878.239
169	878.237
170	878.764
171	878.562
172	878.697
173	878.473
174	878.484
175	878.737
176	878.941
177	878.828
178	878.678
179	878.192
180	878.712
181	878.506
182	878.372
183	878.67
184	878.712
185	878.715
186	878.646
187	879.12
188	878.493
189	878.207
190	878.706
191	878.404
192	878.97
193	878.447
194	878.494
195	878.417
196	878.693
197	878.786
198	878.296
199	878.145
200	878.792
201	878.425
202	878.59
203	878.602
204	878.391
205	878.907
206	878.813
207	878.141
208	878.295
209	879.045
210	879.314
211	878.717
212	879.25
213	878.77
214	879.101
215	878.93
216	877.807
217	878.446
218	878.839
219	878.49
220	878.58
221	878.812
222	878.969
223	878.901
224	878.925
225	878.538
226	879.161
227	878.663
228	878.793
229	878.823
230	879.135
231	878.495
232	878.754
233	878.869
234	878.963
235	878.182
236	878.126
237	878.155
238	878.442
239	878.964
240	878.175
241	878.561
242	878.953
243	878.623
244	878.658
245	878.682
246	878.721
247	878.73
248	878.575
249	878.778
250	878.955
251	878.761
252	878.641
253	878.538
254	878.464
255	878.441
256	878.21
257	878.182
258	878.51
259	878.602
260	878.865
261	878.373
262	878.717
263	878.671
264	878.902
265	878.822
266	878.733
267	878.506
268	878.559
269	878.942
270	878.521
271	878.575
272	878.582
273	878.714
274	878.406
275	878.593
276	878.518
277	878.691
278	878.695
279	878.826
280	878.743
281	878.643
282	878.681
283	878.41
284	878.633
285	878.814
286	878.621
287	878.689
288	878.776
289	878.8
290	878.664
291	878.691
292	878.631
293	878.756
294	878.56
295	878.682
296	878.526
297	878.417
298	878.762
299	878.573
300	878.841
301	878.464
302	878.758
303	878.39
304	878.622
305	878.718
306	878.543
307	878.502
308	878.597
309	878.776
310	878.508
311	878.44
312	878.613
313	878.391
314	878.708
315	878.525
316	878.504
317	878.832
318	878.456
319	878.67
320	878.728
321	879.061
322	878.563
323	878.458
324	878.661
325	878.63
326	878.784
327	878.597
328	878.913
329	878.673
330	878.706
331	878.517
332	878.816
333	878.681
334	878.745
335	878.809
336	878.419
337	878.473
338	878.507
339	878.306
340	878.538
341	878.475
342	878.771
343	878.798
344	879.01
345	878.595
346	878.561
347	878.543
348	878.612
349	878.245
350	878.713
351	878.87
352	878.65
353	878.701
354	878.74
355	878.685
356	878.72
357	878.561
358	878.851
359	878.595
360	878.621
361	878.846
362	878.82
363	878.544
364	878.493
365	878.683
366	878.558
367	878.404
368	878.92
369	878.512
370	878.56
371	878.622
372	878.626
373	878.575
374	878.423
375	878.71
376	878.54
377	878.51
378	878.872
379	879.12
380	878.735
381	878.647
382	878.596
383	878.756
384	878.389
385	878.75
386	878.76
387	878.657
388	878.269
389	878.409
390	878.187
391	878.601
392	878.676
393	878.531
394	878.588
395	878.716
396	878.488
397	878.834
398	878.665
399	878.631
400	878.647
401	878.895
402	878.448
403	878.58
404	878.755
405	878.613
406	878.654
407	878.734
408	878.698
409	878.649
410	878.627
411	878.697
412	878.621
413	878.598
414	878.6
415	878.747
416	878.475
417	878.782
418	878.638
419	878.696
420	878.682
421	878.645
422	878.749
423	878.651
424	878.674
425	878.661
426	878.63
427	878.67
428	878.613
429	878.675
430	878.588
431	878.628
432	878.688
433	878.632
434	878.654
435	878.657
436	878.638
437	878.614
438	878.673
439	878.656
440	878.654
441	878.7
442	878.704
443	878.634
444	878.582
445	878.683
446	878.64
447	878.676
448	878.666
449	878.655
450	878.655
451	878.633
452	878.62
453	878.627
454	878.656
455	878.662
456	878.595
457	878.732
458	878.656
459	878.607
460	878.763
461	878.69
462	878.63
463	878.668
464	878.587
465	878.69
466	878.704
467	878.604
468	878.646
469	878.704
470	878.708
471	878.625
472	878.66
473	878.581
474	878.681
475	878.72
476	878.631
477	878.683
478	878.628
479	878.674
480	878.632
481	878.666
482	878.703
483	878.699
484	878.679
485	878.721
486	878.58
487	878.63
488	878.685
489	878.651
490	878.67
491	878.681
492	878.666
493	878.741
494	878.553
495	878.662
496	878.616
497	878.815
498	878.571
499	878.671
500	878.6
501	878.623
502	878.562
503	878.592
504	878.714
505	878.666
506	878.691
507	878.53
508	878.618
509	878.708
510	878.616
511	878.621
512	878.659
513	878.677
514	878.684
515	878.596
516	878.66
517	878.678
518	878.624
519	878.644
520	878.651
521	878.679
522	878.662
523	878.64
524	878.686
525	878.661
526	878.655
527	878.665
528	878.601
529	878.663
530	878.629
531	878.665
532	878.647
533	878.661
534	878.667
535	878.642
536	878.661
537	878.734
538	878.58
539	878.665
540	878.594
541	878.604
542	878.714
543	878.726
544	878.684
545	878.651
546	878.695
547	878.588
548	878.699
549	878.67
550	878.488
551	878.665
552	878.615
553	878.561
554	878.697
555	878.651
556	878.648
557	878.631
558	878.678
559	878.655
560	878.644
561	878.667
562	878.687
563	878.656
564	878.682
565	878.53
566	878.685
567	878.715
568	878.662
569	878.631
570	878.621
571	878.532
572	878.6
573	878.582
574	878.725
575	878.628
576	878.689
577	878.53
578	878.663
579	878.661
580	878.676
581	878.637
582	878.701
583	878.62
584	878.763
585	878.701
586	878.653
587	878.73
588	878.75
