Frame	Volume
1	1299.7
2	1358.16
3	1314.44
4	1312.67
5	1330.8
6	1333.27
7	1334.15
8	1334.99
9	1325.25
10	1321.41
11	1319.82
12	1325.51
13	1325.04
14	1323.56
15	1323.6
16	1333.73
17	1331.93
18	1330.53
19	1332.74
20	1321.46
21	1328.75
22	1329.03
23	1327.79
24	1330.33
25	1330.71
26	1331.06
27	1333.16
28	1332.13
29	1321.55
30	1317.22
31	1321.37
32	1327.79
33	1330.26
34	1329.48
35	1333.04
36	1330.28
37	1330.43
38	1330.41
39	1331.75
40	1333.32
41	1328.14
42	1331.18
43	1332.75
44	1331.01
45	1330.61
46	1333.73
47	1332
48	1332.98
49	1328.1
50	1332.29
51	1327.62
52	1329.17
53	1329.02
54	1332.13
55	1331.96
56	1330.68
57	1327.87
58	1332.9
59	1329.47
60	1331.25
61	1327.68
62	1332.38
63	1329.65
64	1327.69
65	1329.54
66	1326.6
67	1326.97
68	1329.32
69	1328.97
70	1332.95
71	1331.62
72	1333.04
73	1329.64
74	1330.97
75	1328.3
76	1332.7
77	1330.61
78	1331.1
79	1332.69
80	1331.64
81	1333.73
82	1331.42
83	1330.84
84	1331.78
85	1331.13
86	1332.96
87	1329.47
88	1330.78
89	1332.05
90	1331.63
91	1327.15
92	1329.58
93	1327.5
94	1330.39
95	1331.37
96	1330.73
97	1331.39
98	1331.04
99	1327.62
100	1325.39
101	1332.26
102	1328.56
103	1329.75
104	1332.86
105	1327.72
106	1331.42
107	1332.61
108	1332.29
109	1331.3
110	1331.41
111	1326.55
112	1330.86
113	1330.48
114	1327.31
115	1331.23
116	1330.38
117	1331.52
118	1331.28
119	1331.25
120	1331.04
121	1331.18
122	1330.72
123	1330.53
124	1332.5
125	1331.13
126	1332.15
127	1331.42
128	1332.09
129	1332.08
130	1330.82
131	1329.43
132	1331.97
133	1332.32
134	1330.63
135	1330.98
136	1331.55
137	1331.6
138	1332.08
139	1329.28
140	1331.25
141	1331.06
142	1329.67
143	1330.46
144	1330.93
145	1329.7
146	1331.48
147	1331.52
148	1330.94
149	1331.21
150	1331.76
151	1330.62
152	1330.81
153	1330.31
154	1330.92
155	1331.38
156	1330.03
157	1330.89
158	1331.25
159	1330.82
160	1331.79
161	1330.28
162	1331.31
163	1331.29
164	1330.53
165	1330.51
166	1331.14
167	1331.43
168	1331.49
169	1330.49
170	1330.96
171	1330.46
172	1330.93
173	1329.89
174	1330.69
175	1331.45
176	1331.68
177	1330.74
178	1330.13
179	1330.9
180	1332.25
181	1330.97
182	1331.31
183	1330.17
184	1330.42
185	1331.41
186	1331.29
187	1330.9
188	1331.18
189	1331.56
190	1331.08
191	1330.98
192	1330.56
193	1331.2
194	1330.74
195	1331.26
196	1330.45
197	1330.41
198	1330.63
199	1331.07
200	1331.11
201	1331.44
202	1330.39
203	1332.09
204	1331.71
205	1331.4
206	1331.65
207	1330.87
208	1332.07
209	1330.83
210	1330.99
211	1331.04
212	1330.68
213	1331.23
214	1331.5
215	1331.14
216	1330.76
217	1331.8
218	1331.16
219	1331.16
220	1330.58
221	1331
222	1331.59
223	1330.37
224	1331.16
225	1330.11
226	1330.54
227	1331.4
228	1331.88
229	1331.23
230	1331.37
231	1330.09
232	1331.6
233	1331.54
234	1331.63
235	1330.71
236	1331.51
237	1330.47
238	1331.41
239	1330.49
240	1330.43
241	1331.26
242	1331.35
243	1331.46
244	1330.87
245	1330.82
246	1331.19
247	1331.03
248	1331.25
249	1330.02
250	1331.12
251	1331.58
252	1331.2
253	1330.38
254	1331.77
255	1331.25
256	1331.15
257	1331.47
258	1331.53
259	1330.77
260	1331.12
261	1331.24
262	1331.31
263	1331.69
264	1330.27
265	1330.59
266	1330.83
267	1330.89
268	1331.08
269	1331.57
270	1331.15
271	1330.82
272	1330.58
273	1330.59
274	1330.69
275	1330.82
276	1330.68
277	1331.1
278	1331.07
279	1330.67
280	1331.33
281	1331.05
282	1331.29
283	1330.79
284	1330.99
285	1331.52
286	1331.3
287	1330.84
288	1330.89
289	1330.95
290	1330.9
291	1330.67
292	1330.87
293	1331.3
294	1330.85
295	1330.93
296	1331.03
297	1331.07
298	1331.41
299	1331.45
300	1331.01
301	1331.13
302	1331.2
303	1331.15
304	1331.32
305	1330.94
306	1330.87
307	1331.22
308	1331.07
309	1330.44
310	1330.87
311	1330.77
312	1330.74
313	1330.84
314	1330.89
315	1331.28
316	1331.17
317	1331.17
318	1331.2
319	1331.26
320	1330.85
321	1331.26
322	1331.61
323	1331.09
324	1330.55
325	1331.16
326	1330.88
327	1330.75
328	1330.78
329	1330.96
330	1330.81
331	1330.6
332	1331.16
333	1330.93
334	1331.11
335	1330.87
336	1331.36
337	1331.78
338	1330.65
339	1331.39
340	1331.13
341	1330.81
342	1331.23
343	1331.68
344	1331.25
345	1331.44
346	1331.14
347	1330.75
348	1331.04
349	1331.02
350	1331.13
351	1330.89
352	1331.3
353	1330.93
354	1331.32
355	1331.01
356	1330.56
357	1331.03
358	1330.8
359	1331.03
360	1331.18
361	1330.98
362	1331.03
363	1331.02
364	1330.91
365	1330.86
366	1331.09
367	1331
368	1330.83
369	1331.02
370	1331.06
371	1330.83
372	1330.98
373	1331.07
374	1330.93
375	1331.02
376	1331.21
377	1331.03
378	1331.4
379	1331.08
380	1330.75
381	1330.99
382	1330.31
383	1331.1
384	1330.83
385	1331.05
386	1330.71
387	1331.01
388	1331.31
389	1331.23
390	1331.02
391	1331.11
392	1330.93
393	1331.04
394	1331.21
395	1331
396	1331.09
397	1330.8
398	1331.37
399	1330.58
400	1331.14
401	1331.26
402	1330.78
403	1330.71
404	1331.39
405	1330.95
406	1331.01
407	1330.71
408	1331.01
409	1331.2
410	1331
411	1331
412	1331.08
413	1330.94
414	1330.85
415	1331.2
416	1330.81
417	1331.14
418	1331.14
419	1330.96
420	1330.91
421	1331.01
422	1330.95
423	1330.94
424	1330.9
425	1330.84
426	1330.99
427	1331.05
428	1331.05
429	1330.93
430	1330.91
431	1331.03
432	1330.78
433	1331.16
434	1331.01
435	1330.86
436	1330.72
437	1331.16
438	1330.97
439	1331.21
440	1330.95
441	1330.96
442	1331
443	1331.12
444	1331.12
445	1330.89
446	1331.16
447	1330.92
448	1330.96
449	1330.91
450	1331.14
451	1330.91
452	1331.22
453	1331.03
454	1331.1
455	1331.15
456	1330.96
457	1331.23
458	1331.04
459	1331.03
460	1330.88
461	1331.17
462	1331.02
463	1330.96
464	1330.97
465	1331.01
466	1330.79
467	1331.02
468	1331.11
469	1331.26
470	1331.17
471	1331.1
472	1330.66
473	1330.8
474	1330.83
475	1330.96
476	1331.03
477	1331.06
478	1331.12
479	1331.13
480	1331.06
481	1331.1
482	1330.89
483	1330.93
484	1330.86
485	1331.06
486	1330.99
487	1330.92
488	1330.98
489	1331.04
490	1330.98
491	1331.03
492	1331.05
493	1330.97
494	1330.9
495	1330.97
496	1331.1
497	1331.03
498	1330.97
499	1330.98
500	1330.96
501	1330.99
502	1330.98
503	1331.03
504	1330.97
505	1331.04
506	1330.83
507	1330.99
508	1331.13
509	1331
510	1331.02
511	1330.98
512	1330.94
513	1331.05
514	1331
515	1331.01
516	1330.94
517	1331
518	1331.04
519	1331.01
520	1331.07
521	1331.01
522	1330.95
523	1331.04
524	1331.02
525	1331.08
526	1331.06
527	1330.96
528	1331.05
529	1331.01
530	1331.05
531	1330.98
532	1330.94
533	1331.03
534	1331.01
535	1331
536	1330.96
537	1331.01
538	1331.12
539	1331.09
540	1330.94
541	1331.06
542	1331.08
543	1330.98
544	1331.05
545	1330.97
546	1330.98
547	1330.99
548	1330.99
549	1331.09
550	1330.89
551	1330.94
552	1331.06
553	1330.9
554	1330.97
555	1331.09
556	1330.88
557	1330.91
558	1331.01
559	1331.06
560	1331.01
561	1330.93
562	1331.05
563	1331.03
564	1331
565	1331.03
566	1331.07
567	1330.95
568	1331.05
569	1330.95
570	1331.09
571	1331
572	1331.03
573	1331.06
574	1330.99
575	1331.07
576	1331.03
577	1330.98
578	1331.04
579	1331.02
580	1331.01
581	1330.99
582	1330.96
583	1330.97
584	1331.07
585	1330.96
586	1330.95
587	1331.02
588	1331.02
