snapshot pock_volume pock_asa pock_pol_asa pock_apol_asa pock_asa22 pock_pol_asa22 pock_apol_asa22 nb_AS mean_as_ray mean_as_solv_acc apol_as_prop mean_loc_hyd_dens hydrophobicity_score volume_score polarity_score charge_score prop_polar_atm as_density as_max_dst ALA ARG ASN ASP CYS GLN GLU GLY HIS ILE LEU LYS MET PHE PRO SER THR TRP TYR VAL
1 2124.33 927.80 311.91 615.89 678.91 245.03 433.88 716 4.22 0.51 0.56 214.10 19.98 3.60 22 2 38.89 8.75 20.63   2   0   6   0   1   9   0   7   2   3   2   0   2   0   1   0   2   3   0   0
2 1932.52 864.69 335.75 528.94 681.39 280.01 401.38 677 4.23 0.51 0.52 224.91 23.24 3.87 22 2 41.18 8.28 20.64   2   0   6   0   1   9   0   5   2   3   2   0   2   0   1   0   1   4   0   0
3 1932.04 847.60 337.98 509.62 654.69 280.07 374.62 681 4.24 0.52 0.51 228.23 23.24 3.87 22 2 42.31 8.17 20.64   2   0   6   0   1   9   0   5   2   3   2   0   2   0   1   0   1   4   0   0
4 2036.26 933.32 347.62 585.70 662.54 278.36 384.18 816 4.11 0.51 0.48 211.65 21.10 3.71 24 2 40.34 8.62 20.65   2   0   6   0   1  10   0   7   2   3   2   0   2   0   1   0   2   4   0   0
5 1705.71 738.65 244.73 493.92 492.18 194.01 298.17 614 3.89 0.49 0.62 170.65 27.24 3.76 20 2 36.54 9.23 20.68   2   0   4   0   1   8   0   7   2   3   2   0   2   0   0   0   2   4   0   0
6 2013.04 865.93 355.10 510.83 657.80 287.00 370.80 680 4.37 0.54 0.50 221.35 19.90 3.69 22 2 42.00 8.32 20.71   2   0   6   0   1  10   0   6   2   3   2   0   2   0   1   0   1   3   0   0
7 2118.90 975.39 392.10 583.28 696.82 324.11 372.71 816 4.25 0.51 0.51 229.03 19.53 3.70 24 2 41.74 8.52 20.75   2   0   6   0   1  10   0   7   2   3   2   0   2   0   2   0   2   4   0   0
8 1979.68 888.11 374.87 513.24 674.72 315.38 359.33 651 4.30 0.50 0.52 188.03 21.46 3.85 22 2 44.68 8.39 20.79   2   0   6   0   1   9   0   5   2   3   2   0   2   0   2   0   1   4   0   0
9 2081.29 922.30 392.15 530.15 674.46 317.04 357.42 727 4.39 0.52 0.49 224.50 21.46 3.85 22 2 43.56 8.20 20.82   2   0   6   0   1   9   0   5   2   3   2   0   2   0   2   0   1   4   0   0
10 2085.41 973.11 380.16 592.95 672.95 313.62 359.33 791 4.28 0.50 0.50 213.23 21.30 3.80 25 2 41.23 8.60 20.86   2   0   6   0   1  10   0   7   2   3   2   0   2   0   2   0   2   5   0   0
11 2171.17 991.13 381.28 609.85 689.78 317.07 372.71 848 4.25 0.50 0.49 208.70 20.60 3.80 26 2 42.02 8.60 20.89   2   0   6   0   1  11   0   7   2   3   2   0   2   0   2   0   2   5   0   0
12 2215.74 994.23 386.79 607.44 698.90 322.37 376.54 877 4.30 0.50 0.49 219.26 20.60 3.80 26 2 42.50 8.52 20.93   2   0   6   0   1  11   0   7   2   3   2   0   2   0   2   0   2   5   0   0
13 2224.73 997.35 401.99 595.36 711.19 334.65 376.54 851 4.22 0.50 0.46 182.41 20.60 3.80 26 2 42.15 8.83 20.96   2   0   6   0   1  11   0   7   2   3   2   0   2   0   2   0   2   5   0   0
14 2316.76 1005.42 405.23 600.19 718.20 341.66 376.54 957 4.29 0.52 0.44 213.60 20.60 3.80 26 2 42.86 8.49 21.00   2   0   6   0   1  11   0   7   2   3   2   0   2   0   2   0   2   5   0   0
15 2119.92 982.00 397.51 584.49 701.14 339.90 361.24 799 4.29 0.49 0.51 213.96 21.38 3.81 24 2 40.18 8.95 20.80   2   0   6   0   0   9   0   7   2   3   2   0   2   0   2   0   2   5   0   0
16 2259.17 945.11 392.02 553.09 676.55 336.34 340.22 781 4.30 0.49 0.51 209.00 21.38 3.81 24 2 40.00 8.92 20.48   2   0   6   0   0   9   0   7   2   3   2   0   2   0   2   0   2   5   0   0
17 2178.82 950.78 396.48 554.30 682.03 339.90 342.13 907 4.24 0.50 0.46 222.52 20.60 3.80 26 2 43.33 8.51 20.52   2   0   6   0   1  11   0   7   2   3   2   0   2   0   2   0   2   5   0   0
18 2224.27 956.34 400.83 555.51 670.68 338.10 332.57 916 4.22 0.50 0.46 217.60 21.30 3.80 25 2 42.98 8.53 20.55   2   0   6   0   1  10   0   7   2   3   2   0   2   0   2   0   2   5   0   0
19 2132.22 958.64 401.92 556.72 660.95 339.84 321.11 959 4.23 0.52 0.45 225.98 21.30 3.80 25 2 43.20 8.41 20.59   2   0   6   0   1  10   0   7   2   3   2   0   2   0   2   0   2   5   0   0
20 2117.65 955.02 412.79 542.23 684.90 350.42 334.49 954 4.17 0.50 0.45 217.89 19.53 3.70 24 2 42.62 8.51 20.62   2   0   6   0   1  10   0   7   2   3   2   0   2   0   2   0   2   4   0   0
21 2221.09 967.99 414.89 553.09 675.49 348.65 326.84 974 4.19 0.50 0.46 221.58 21.30 3.80 25 2 42.28 8.56 20.66   2   0   6   0   1  10   0   7   2   3   2   0   2   0   2   0   2   5   0   0
