Frame	Volume
1	810.364
2	857.67
3	859.616
4	867.785
5	860.584
6	852.834
7	855.782
8	854.76
9	855.071
10	862.679
11	860.719
12	858.719
13	858.221
14	856.578
15	858.814
16	857.96
17	856.383
18	859.033
19	858.74
20	861.132
21	859.864
22	860.957
23	857.112
24	860.061
25	858.862
26	859.774
27	858.904
28	859.587
29	860.881
30	859.246
31	859.052
32	861.691
33	859.151
34	858.5
35	859.581
36	858.803
37	860.061
38	859.343
39	860.057
40	860.774
41	858.622
42	860.382
43	859.835
44	860.889
45	859.879
46	858.958
47	860.061
48	859.238
49	860.241
50	858.748
51	860.056
52	861.468
53	860.582
54	858.193
55	858.999
56	859.528
57	859.932
58	859.85
59	860.511
60	860.406
61	861.201
62	860.245
63	860.167
64	857.846
65	859.803
66	860.152
67	860.12
68	859.443
69	859.365
70	859.529
71	859.511
72	859.469
73	858.979
74	858.819
75	860.432
76	859.673
77	860.515
78	859.097
79	859.722
80	859.104
81	859.424
82	860.535
83	858.753
84	859.347
85	859.416
86	860.469
87	860.389
88	859.911
89	859.424
90	859.355
91	859.948
92	859.38
93	859.658
94	859.684
95	859.146
96	860.074
97	860.496
98	859.783
99	860.14
100	859.655
101	859.63
102	859.753
103	859.988
104	860.166
105	860.404
106	860.184
107	858.87
108	859.884
109	859.387
110	859.125
111	859.33
112	859.389
113	859.331
114	859.96
115	859.932
116	859.631
117	860.417
118	859.661
119	859.958
120	859.74
121	858.897
122	859.775
123	860.313
124	860.532
125	859.691
126	859.456
127	859.743
128	860.142
129	860.103
130	859.241
131	859.519
132	860.538
133	859.766
134	859.436
135	860.188
136	859.624
137	860.124
138	859.615
139	858.975
140	859.637
141	859.579
142	859.868
143	859.943
144	859.899
145	859.843
146	860.103
147	859.743
148	859.401
149	859.592
150	860.349
151	859.79
152	859.768
153	859.701
154	859.631
155	859.331
156	859.946
157	859.165
158	859.815
159	859.375
160	859.51
161	859.713
162	859.428
163	860.164
164	859.695
165	859.765
166	859.614
167	859.935
168	860.072
169	859.791
170	859.337
171	859.962
172	859.161
173	859.95
174	859.051
175	859.604
176	859.621
177	859.561
178	859.7
179	859.887
180	859.835
181	859.726
182	859.952
183	859.858
184	859.713
185	859.873
186	859.693
187	859.913
188	859.895
189	859.586
190	860.028
191	859.81
192	859.785
193	860.039
194	860.228
195	859.628
196	859.289
197	859.925
198	859.777
199	859.544
200	859.892
201	859.67
202	860.547
203	859.74
204	859.483
205	860.623
206	859.898
207	859.717
208	859.993
209	860.23
210	859.545
211	859.711
212	859.992
213	859.999
214	859.551
215	859.888
216	859.671
217	860.085
218	859.567
219	859.949
220	859.631
221	859.977
222	859.884
223	859.674
224	859.65
225	859.889
226	859.43
227	859.555
228	860.244
229	859.75
230	859.385
231	859.927
232	859.556
233	859.49
234	859.819
235	859.886
236	859.687
237	859.36
238	860.107
239	860.093
240	860.021
241	859.423
242	859.645
243	859.846
244	859.958
245	859.68
246	860.323
247	859.816
248	859.874
249	859.836
250	859.634
251	859.01
252	859.703
253	859.645
254	859.772
255	859.263
256	859.771
257	859.952
258	860.045
259	860.142
260	859.605
261	859.964
262	859.294
263	859.875
264	859.454
265	859.889
266	859.625
267	860.071
268	860.216
269	859.423
270	859.676
271	859.418
272	859.537
273	859.445
274	859.502
275	860.29
276	860.154
277	859.369
278	859.425
279	859.724
280	860.026
281	859.674
282	859.855
283	859.814
284	859.64
285	860.091
286	860.091
287	859.878
288	860.036
289	859.579
290	859.741
291	859.819
292	859.915
293	859.901
294	859.76
295	859.9
296	859.342
297	859.809
298	860.105
299	859.953
300	860.072
301	859.974
302	859.912
303	860.026
304	859.858
305	859.767
306	859.768
307	859.912
308	859.467
309	859.659
310	859.641
311	859.718
312	859.642
313	859.867
314	860.087
315	859.816
316	859.597
317	859.739
318	859.677
319	859.86
320	859.647
321	859.514
322	859.839
323	860.063
324	859.812
325	859.692
326	859.797
327	859.953
328	859.555
329	859.827
330	859.745
331	859.808
332	859.515
333	860.217
334	859.804
335	859.951
336	859.813
337	859.844
338	859.749
339	859.716
340	859.812
341	859.799
342	859.863
343	859.658
344	859.726
345	859.871
346	860
347	859.875
348	859.802
349	859.892
350	859.849
351	859.799
352	859.808
353	859.671
354	859.803
355	859.752
356	859.659
357	859.73
358	859.689
359	859.816
360	859.895
361	859.612
362	859.771
363	859.773
364	859.673
365	859.947
366	859.666
367	859.857
368	859.906
369	859.766
370	859.763
371	859.732
372	859.977
373	859.898
374	859.76
375	859.638
376	859.946
377	859.799
378	859.985
379	859.992
380	859.613
381	859.607
382	859.641
383	859.986
384	859.745
385	859.78
386	859.838
387	859.641
388	859.814
389	859.831
390	859.752
391	859.727
392	859.823
393	859.696
394	859.837
395	859.721
396	859.733
397	859.692
398	859.847
399	859.745
400	859.656
401	859.77
402	859.736
403	859.621
404	859.602
405	859.676
406	859.706
407	859.692
408	859.642
409	859.785
410	859.727
411	859.887
412	859.863
413	859.747
414	859.938
415	859.96
416	859.744
417	859.696
418	859.965
419	859.776
420	859.757
421	859.855
422	859.751
423	859.711
424	859.942
425	859.986
426	859.863
427	859.884
428	859.866
429	859.871
430	859.665
431	859.867
432	859.762
433	859.926
434	859.808
435	859.654
436	859.747
437	859.772
438	859.837
439	859.681
440	859.741
441	859.904
442	859.736
443	859.715
444	859.759
445	859.671
446	859.77
447	859.873
448	859.768
449	859.832
450	859.794
451	859.749
452	859.844
453	859.827
454	859.796
455	859.822
456	859.695
457	859.786
458	859.739
459	859.747
460	859.873
461	859.748
462	859.823
463	859.687
464	859.914
465	859.752
466	859.817
467	859.803
468	859.702
469	859.837
470	859.598
471	859.866
472	859.759
473	859.862
474	859.879
475	859.652
476	859.754
477	859.846
478	859.821
479	859.818
480	859.789
481	859.672
482	859.877
483	859.639
484	859.797
485	859.768
486	859.747
487	859.918
488	859.79
489	859.903
490	859.737
491	859.798
492	859.85
493	859.735
494	859.732
495	859.971
496	859.705
497	859.825
498	859.938
499	859.828
500	859.851
501	859.724
502	859.769
503	859.937
504	859.824
505	859.741
506	859.794
507	859.824
508	859.674
509	859.651
510	859.914
511	859.894
512	859.678
513	859.804
514	859.669
515	859.807
516	859.972
517	859.776
518	859.753
519	859.928
520	859.705
521	859.854
522	859.742
523	859.751
524	859.77
525	859.799
526	859.788
527	859.726
528	859.847
529	859.858
530	860.163
531	859.655
532	860.007
533	859.866
534	859.812
535	859.86
536	859.824
537	859.739
538	859.677
539	859.999
540	859.676
541	859.802
542	859.73
543	859.892
544	859.597
545	860.13
546	859.945
547	859.766
548	859.89
549	859.93
550	859.589
551	860.035
552	859.97
553	859.755
554	860.114
555	859.822
556	859.655
557	859.79
558	859.569
559	859.875
560	859.631
561	860.093
562	859.667
563	859.721
564	859.867
565	859.873
566	859.866
567	859.876
568	859.652
569	859.732
570	859.783
571	859.543
572	859.518
573	859.698
574	859.808
575	859.806
576	859.922
577	859.717
578	860.163
579	859.796
580	859.958
581	860.009
582	859.858
583	859.887
584	859.773
585	859.696
586	859.774
587	859.858
588	859.77
589	859.902
590	859.804
591	859.875
592	859.7
593	859.818
594	859.782
595	859.895
596	859.785
597	859.794
598	859.877
599	859.686
600	859.874
601	859.882
602	859.788
603	859.79
604	859.821
605	859.816
606	859.716
607	859.818
608	859.912
609	859.738
610	859.798
611	859.721
612	859.884
613	859.641
614	859.752
615	859.871
616	859.743
617	859.757
618	859.787
619	859.811
620	859.74
621	859.942
622	859.645
623	859.683
624	859.824
625	859.751
626	859.805
627	859.818
628	859.826
629	859.883
630	859.83
631	859.844
632	859.766
633	859.798
634	859.881
635	859.725
636	859.678
637	859.924
638	859.784
639	859.773
640	859.846
641	859.791
642	859.77
643	859.751
644	859.739
645	859.802
646	859.867
647	859.572
648	859.844
649	859.841
650	859.826
651	859.642
652	859.64
653	859.762
654	859.562
655	859.604
656	859.736
657	859.764
658	859.823
659	859.843
660	859.948
661	859.877
662	859.779
663	859.816
664	859.807
665	859.831
666	859.789
667	859.801
668	859.813
669	859.766
670	859.81
671	859.826
672	859.798
673	859.799
674	859.78
675	859.781
676	859.856
677	859.815
678	859.772
679	859.928
680	859.853
681	859.848
682	859.797
683	859.839
684	859.841
685	859.79
686	859.759
687	859.727
688	859.814
689	859.748
690	859.894
691	859.799
692	859.794
693	859.838
694	859.84
695	859.839
696	859.793
697	859.758
698	859.752
699	859.761
700	859.981
701	859.85
702	859.773
703	859.818
704	859.806
705	859.793
706	859.794
707	859.812
708	859.782
709	859.803
710	859.807
711	859.787
712	859.831
713	859.812
714	859.817
715	859.803
716	859.771
717	859.798
718	859.811
719	859.808
720	859.796
721	859.803
722	859.785
723	859.796
724	859.816
725	859.8
726	859.796
727	859.798
728	859.8
729	859.785
730	859.797
731	859.796
732	859.79
733	859.812
734	859.781
735	859.79
736	859.785
737	859.786
738	859.769
739	859.818
740	859.799
741	859.779
742	859.802
743	859.818
744	859.805
745	859.796
746	859.78
747	859.797
748	859.774
749	859.8
750	859.796
751	859.794
752	859.803
753	859.775
754	859.8
755	859.791
756	859.78
757	859.821
758	859.785
759	859.798
760	859.796
761	859.794
762	859.789
763	859.809
764	859.79
765	859.786
766	859.8
767	859.818
768	859.746
769	859.784
770	859.79
771	859.784
772	859.841
773	859.829
774	859.798
775	859.796
776	859.779
777	859.809
778	859.803
779	859.802
780	859.852
781	859.783
782	859.791
783	859.782
784	859.802
785	859.803
786	859.796
787	859.792
788	859.796
789	859.796
790	859.796
791	859.796
792	859.796
793	859.796
794	859.792
795	859.788
