Frame	Volume
1	1317.18
2	1340.68
3	1322.51
4	1324.34
5	1330.8
6	1331.9
7	1331.94
8	1332.51
9	1328.8
10	1331
11	1325.1
12	1328.92
13	1330.85
14	1333.05
15	1330.44
16	1331.97
17	1331.22
18	1332.57
19	1331.49
20	1332.07
21	1330.08
22	1330.37
23	1331.55
24	1330.79
25	1331.01
26	1331.18
27	1331.84
28	1331.38
29	1329.52
30	1332.24
31	1329.36
32	1329.81
33	1330.79
34	1330.37
35	1331.66
36	1330.64
37	1330.76
38	1330.91
39	1331.27
40	1331.84
41	1329.93
42	1331.06
43	1331.59
44	1331.07
45	1330.92
46	1331.99
47	1331.38
48	1331.75
49	1329.89
50	1331.49
51	1329.7
52	1330.32
53	1330.18
54	1331.44
55	1331.46
56	1330.89
57	1329.84
58	1331.78
59	1330.4
60	1331.11
61	1331.53
62	1331.57
63	1330.45
64	1331.65
65	1330.48
66	1331.3
67	1331.45
68	1330.25
69	1330.18
70	1331.77
71	1331.3
72	1331.78
73	1330.48
74	1330.98
75	1329.9
76	1331.62
77	1330.85
78	1331.01
79	1331.61
80	1331.19
81	1332.03
82	1331.16
83	1330.97
84	1331.33
85	1331.05
86	1331.8
87	1330.37
88	1330.91
89	1331.4
90	1331.16
91	1331.73
92	1330.43
93	1331.62
94	1330.74
95	1331.2
96	1330.9
97	1331.21
98	1331.02
99	1331.55
100	1330.75
101	1331.54
102	1332.31
103	1330.52
104	1331.65
105	1331.31
106	1331.17
107	1331.49
108	1331.54
109	1331.15
110	1331.09
111	1331.18
112	1330.96
113	1330.85
114	1331.49
115	1331.11
116	1330.74
117	1331.17
118	1331.15
119	1331.12
120	1331.04
121	1331.06
122	1330.9
123	1330.84
124	1331.5
125	1331.03
126	1331.46
127	1331.04
128	1331.43
129	1331.37
130	1330.94
131	1330.36
132	1331.41
133	1331.53
134	1330.85
135	1331.05
136	1331.19
137	1331.24
138	1331.39
139	1330.39
140	1330.99
141	1331.05
142	1330.5
143	1330.85
144	1330.98
145	1330.53
146	1331.15
147	1331.17
148	1330.98
149	1331.1
150	1331.23
151	1330.84
152	1330.89
153	1330.73
154	1331
155	1331.19
156	1330.64
157	1330.96
158	1331.13
159	1330.9
160	1331.24
161	1330.66
162	1331.13
163	1331.02
164	1330.74
165	1330.8
166	1331.11
167	1331.18
168	1331.26
169	1330.83
170	1331.01
171	1330.79
172	1330.97
173	1330.65
174	1330.84
175	1331.17
176	1331.32
177	1330.87
178	1330.65
179	1330.93
180	1331.5
181	1330.96
182	1331.06
183	1330.68
184	1330.8
185	1331.25
186	1331.09
187	1330.98
188	1331.09
189	1331.21
190	1331.06
191	1331.04
192	1330.83
193	1331.14
194	1330.87
195	1331.04
196	1330.79
197	1330.81
198	1330.92
199	1331.12
200	1331.07
201	1331.17
202	1330.78
203	1331.4
204	1331.3
205	1331.18
206	1331.25
207	1330.91
208	1331.43
209	1330.95
210	1331.02
211	1331.09
212	1330.86
213	1331.13
214	1331.17
215	1331.07
216	1330.92
217	1331.32
218	1331.05
219	1330.95
220	1330.87
221	1331.01
222	1331.24
223	1330.75
224	1331.07
225	1330.69
226	1330.9
227	1331.15
228	1331.28
229	1331.1
230	1331.1
231	1330.68
232	1331.2
233	1331.23
234	1331.23
235	1330.94
236	1331.23
237	1330.83
238	1331.18
239	1330.84
240	1330.82
241	1331.07
242	1331.19
243	1331.2
244	1331.01
245	1330.91
246	1331.15
247	1331.01
248	1331.1
249	1330.64
250	1331.14
251	1331.24
252	1331.14
253	1330.85
254	1331.37
255	1331.03
256	1331.11
257	1331.14
258	1331.15
259	1330.95
260	1331.06
261	1331.09
262	1331.16
263	1331.31
264	1330.77
265	1330.92
266	1330.94
267	1331
268	1331.06
269	1331.16
270	1331.1
271	1330.84
272	1330.85
273	1330.84
274	1330.92
275	1330.93
276	1330.9
277	1330.99
278	1330.96
279	1330.86
280	1331.09
281	1331.04
282	1331.11
283	1330.9
284	1330.99
285	1331.18
286	1331.06
287	1330.91
288	1330.89
289	1330.96
290	1330.87
291	1330.89
292	1330.99
293	1331.12
294	1330.96
295	1330.91
296	1331
297	1331.05
298	1331.17
299	1331.2
300	1330.94
301	1331.07
302	1331.07
303	1331.01
304	1331.14
305	1330.94
306	1330.9
307	1331.06
308	1331.07
309	1330.82
310	1330.97
311	1330.94
312	1330.89
313	1330.98
314	1330.99
315	1331.14
316	1331.09
317	1331.1
318	1331.08
319	1331.12
320	1331.01
321	1331.05
322	1331.28
323	1331.02
324	1330.92
325	1331.01
326	1330.95
327	1330.92
328	1330.95
329	1331.01
330	1330.94
331	1330.87
332	1331.08
333	1330.97
334	1331.05
335	1330.95
336	1331.18
337	1331.32
338	1330.86
339	1331.01
340	1331.09
341	1330.89
342	1331.08
343	1331.23
344	1331.1
345	1331.17
346	1331.07
347	1330.94
348	1331.06
349	1331.05
350	1331.04
351	1330.99
352	1331.17
353	1330.97
354	1331.1
355	1331.03
356	1330.93
357	1330.99
358	1330.96
359	1331
360	1331.08
361	1331.02
362	1331.02
363	1331.02
364	1331.08
365	1330.99
366	1331.06
367	1331.01
368	1330.87
369	1331.03
370	1331.01
371	1330.94
372	1331.01
373	1331.07
374	1330.95
375	1331.01
376	1331.04
377	1331
378	1331.12
379	1331.05
380	1330.94
381	1331.06
382	1330.73
383	1331.11
384	1330.93
385	1330.96
386	1330.91
387	1330.99
388	1331.07
389	1331.09
390	1330.97
391	1331.07
392	1330.98
393	1331.03
394	1331.09
395	1331.03
396	1330.97
397	1330.88
398	1331.17
399	1330.92
400	1331.02
401	1331.08
402	1330.97
403	1330.9
404	1331.18
405	1330.95
406	1330.96
407	1330.88
408	1331.04
409	1331.09
410	1331
411	1331
412	1330.98
413	1330.98
414	1330.99
415	1331.03
416	1330.93
417	1331.06
418	1331.04
419	1331
420	1330.98
421	1331
422	1331.02
423	1330.98
424	1330.98
425	1330.96
426	1331
427	1331.08
428	1331.01
429	1331
430	1330.94
431	1330.99
432	1330.93
433	1331.09
434	1331.04
435	1330.98
436	1330.91
437	1331
438	1331
439	1331.1
440	1331.01
441	1331.03
442	1330.99
443	1331.02
444	1331
445	1330.97
446	1331.03
447	1331.01
448	1330.94
449	1331.01
450	1331.08
451	1330.95
452	1331.04
453	1331.01
454	1331.08
455	1331
456	1330.99
457	1331.02
458	1330.98
459	1330.99
460	1330.97
461	1331.06
462	1331.03
463	1331.01
464	1331.01
465	1331.07
466	1330.9
467	1331.03
468	1331.07
469	1331.1
470	1331.03
471	1330.97
472	1330.9
473	1330.97
474	1330.96
475	1330.95
476	1331.01
477	1331.05
478	1331.07
479	1331.09
480	1331.01
481	1331.04
482	1330.98
483	1331.01
484	1330.96
485	1330.98
486	1331.03
487	1331.01
488	1331.03
489	1330.98
490	1330.98
491	1331.02
492	1331.04
493	1331.02
494	1331.02
495	1331.02
496	1331.05
497	1331.03
498	1330.98
499	1331.01
500	1331.02
501	1331.01
502	1331.01
503	1331.02
504	1330.98
505	1331.01
506	1330.97
507	1331.01
508	1331.01
509	1331.03
510	1331.03
511	1331.02
512	1330.99
513	1331.03
514	1331.01
515	1331.01
516	1331.01
517	1331.02
518	1331.04
519	1331
520	1331.04
521	1331.03
522	1331
523	1331.02
524	1331.01
525	1331.03
526	1331.01
527	1331.01
528	1331.03
529	1331.01
530	1331.01
531	1330.99
532	1331.01
533	1331.01
534	1331.02
535	1331.02
536	1331
537	1331.01
538	1331.07
539	1331.03
540	1330.98
541	1331
542	1331.06
543	1331.01
544	1331.08
545	1331
546	1331.01
547	1330.97
548	1331
549	1331.02
550	1330.98
551	1331.01
552	1331.01
553	1330.98
554	1330.99
555	1331.03
556	1330.97
557	1330.99
558	1331.01
559	1331.05
560	1331.01
561	1330.99
562	1331.01
563	1331.01
564	1331.01
565	1331.02
566	1331.02
567	1331.01
568	1331
569	1331
570	1331.06
571	1331
572	1330.98
573	1331.02
574	1331.01
575	1331.02
576	1331.02
577	1331
578	1331.01
579	1331
580	1331.01
581	1331.01
582	1331.01
583	1331
584	1331.03
585	1330.98
586	1330.98
587	1331.03
588	1331.01
