Frame	Volume
1	1596.41
2	1605.24
3	1602.45
4	1611.5
5	1621.58
6	1609.23
7	1611.18
8	1613.45
9	1615.61
10	1599.34
11	1608.67
12	1610.36
13	1609.4
14	1612.74
15	1614.21
16	1616.11
17	1609.89
18	1608.93
19	1612.69
20	1611.25
21	1611.43
22	1613.14
23	1612.85
24	1607.33
25	1612.78
26	1615.4
27	1614.25
28	1614.67
29	1611.81
30	1611.92
31	1611.06
32	1608.96
33	1608.29
34	1602.6
35	1612.9
36	1610.54
37	1604.93
38	1611.37
39	1612.38
40	1591.62
41	1613.66
42	1612.13
43	1611.03
44	1608.47
45	1610.64
46	1613.26
47	1613.39
48	1609.18
49	1612.04
50	1612.92
51	1612.12
52	1612.69
53	1610.84
54	1612.59
55	1610.9
56	1591.31
57	1611.09
58	1602.3
59	1610.9
60	1610.57
61	1612.33
62	1599.67
63	1590.43
64	1609.2
65	1612.16
66	1612
67	1612.08
68	1603.57
69	1610.6
70	1611.8
71	1612.29
72	1612.23
73	1611.04
74	1612.73
75	1611.88
76	1613.9
77	1609.49
78	1611.57
79	1611.29
80	1600.8
81	1610.19
82	1601.74
83	1600.41
84	1612.06
85	1602.26
86	1611.79
87	1602.55
88	1612.44
89	1612.45
90	1612.29
91	1611.42
92	1611.54
93	1611.39
94	1602.75
95	1611.49
96	1612.92
97	1611.67
98	1611.98
99	1602.75
100	1610.73
101	1610.8
102	1601.88
103	1612.02
104	1611.09
105	1612.08
106	1610.81
107	1612.17
108	1611.54
109	1611.95
110	1611.87
111	1612.07
112	1611.21
113	1611.67
114	1612
115	1611.97
116	1611.63
117	1612.36
118	1611.53
119	1612.33
120	1610.36
121	1612.44
122	1612.76
123	1611.4
124	1611.94
125	1612.42
126	1610.57
127	1610.3
128	1612.69
129	1610.34
130	1611.26
131	1612.1
132	1611.64
133	1612.02
134	1612.14
135	1612.64
136	1612.16
137	1611.43
138	1601.67
139	1612.11
140	1611.59
141	1612.23
142	1612.46
143	1611.81
144	1611.87
145	1602.09
146	1602.18
147	1612.02
148	1602.71
149	1611.61
150	1611.67
151	1611.59
152	1609.83
153	1610.64
154	1611.22
155	1611.7
156	1611.57
157	1612.33
158	1602.16
159	1611.75
160	1612.18
161	1611.54
162	1602.55
163	1611.61
164	1612.44
165	1612.74
166	1611.76
167	1612.25
168	1612.12
169	1612.32
170	1610.29
171	1590.43
172	1610.19
173	1612.05
174	1612.4
175	1611.89
176	1611.91
177	1611.64
178	1611.76
179	1611.07
180	1602.35
181	1610.66
182	1612.25
183	1590.55
184	1611.9
185	1611.9
186	1611.5
187	1612
188	1612.28
189	1612.67
190	1601.99
191	1601.09
192	1610.98
193	1612.49
194	1611.99
195	1590.63
196	1602.05
197	1611.97
198	1612.21
199	1612.41
200	1611.95
201	1612.41
202	1612.07
203	1610.19
204	1612.61
205	1611.99
206	1590.43
207	1602.52
208	1610.77
209	1612.26
210	1601.71
211	1611.81
212	1601.82
213	1611.95
214	1611.24
215	1612.02
216	1612.52
217	1610.44
218	1610.34
219	1612.27
220	1602.04
221	1612.06
222	1610.17
223	1601.8
224	1610.8
225	1602.21
226	1600.69
227	1612.22
228	1612.06
229	1611.82
230	1611.96
231	1612.7
232	1611.94
233	1611.97
234	1610.56
235	1612
236	1612.22
237	1612.07
238	1612.18
239	1611.86
240	1602.41
241	1611.87
242	1610.61
243	1611.84
244	1611.76
245	1612.06
246	1612.21
247	1612.04
248	1612.1
249	1600.75
250	1611.56
251	1601.88
252	1610.85
253	1611.89
254	1611.66
255	1601.79
256	1610.36
257	1612.3
258	1611.97
259	1601.96
260	1611.96
261	1612.08
262	1612.21
263	1612.19
264	1611.75
265	1602.02
266	1612.07
267	1611.85
268	1611.81
269	1611.98
270	1602.34
271	1611.77
272	1611.9
273	1611.94
274	1611.75
275	1612.04
276	1601.75
277	1590.69
278	1611.99
279	1612.04
280	1612.4
281	1611.88
282	1611.8
283	1611.56
284	1611.78
285	1611.96
286	1590.33
287	1610.37
288	1612.13
289	1612.47
290	1611.85
291	1612.32
292	1612.33
293	1590.39
294	1612.21
295	1602.03
296	1602.23
297	1612.09
298	1612.29
299	1612.1
300	1610.57
301	1601.1
302	1610.38
303	1602.08
304	1612.08
305	1611.44
306	1611.77
307	1601.88
308	1588.69
309	1612.34
310	1610.97
311	1612.38
312	1612.24
313	1612.04
314	1611.86
315	1612.16
316	1611.65
317	1612.04
318	1600.8
319	1610.31
320	1610.76
321	1611.84
322	1611.92
323	1610.69
324	1612.01
325	1611.87
326	1611.69
327	1612.21
328	1611.77
329	1600.53
330	1611.93
331	1590.37
332	1602.14
333	1611.8
334	1611.73
335	1611.98
336	1612.11
337	1602.17
338	1602.39
339	1612.17
340	1602.24
341	1612.19
342	1601.79
343	1590.04
344	1588.97
345	1612.05
346	1612.1
347	1612.03
348	1612.03
349	1612.32
350	1611.7
351	1611.97
352	1612.01
353	1602
354	1612.13
355	1612.26
356	1602.33
357	1612.05
358	1611.84
359	1612.23
360	1611.94
361	1612.11
362	1611.9
363	1590.46
364	1610.5
365	1600.92
366	1610.76
367	1612.1
368	1590.33
369	1610.47
370	1602.32
371	1602.31
372	1602.02
373	1612.04
374	1612.28
375	1612.14
376	1612.14
377	1611.99
378	1611.62
379	1600.56
380	1612.15
381	1612.19
382	1610.51
383	1588.92
384	1611.94
385	1612.03
386	1612.15
387	1612.03
388	1610.43
389	1612.12
390	1612.42
391	1602.19
392	1612.04
393	1612.13
394	1611.96
395	1611.78
396	1612.09
397	1611.93
398	1611.91
399	1612.35
400	1611.76
401	1602.08
402	1602.23
403	1602.27
404	1612.01
405	1612.06
406	1612.08
407	1612.05
408	1612.01
409	1612.01
410	1590.51
411	1612
412	1612.1
413	1610.58
414	1612.06
415	1610.63
416	1611.85
417	1611.76
418	1612.03
419	1610.63
420	1610.68
421	1610.69
422	1610.57
423	1612.11
424	1612.14
425	1602.23
426	1612.05
427	1612.06
428	1612.08
429	1612.06
430	1610.66
431	1612.12
432	1612.04
433	1612.11
434	1610.64
435	1610.64
436	1610.65
437	1610.67
438	1612.08
439	1610.7
440	1612.1
441	1602.08
442	1612.03
443	1610.65
444	1612.11
445	1611.97
446	1610.65
447	1610.8
448	1610.61
449	1612.04
450	1610.69
451	1610.67
452	1610.73
453	1612.12
454	1610.54
455	1610.66
456	1610.75
457	1610.58
458	1610.69
459	1612.12
460	1610.62
461	1610.75
462	1612.14
463	1612.08
464	1612.12
465	1610.74
466	1612.09
467	1602.26
468	1612.01
469	1612.11
470	1611.93
471	1612.1
472	1612.07
473	1612.17
474	1611.88
475	1612.03
476	1612.11
477	1610.66
478	1612.05
479	1612.17
480	1602.11
481	1610.61
482	1610.76
483	1610.65
484	1610.66
485	1611.92
486	1612.14
487	1610.74
488	1610.66
489	1612.05
490	1612.09
491	1602.13
492	1610.68
493	1611.97
494	1611.92
495	1610.68
496	1612.04
497	1610.72
498	1600.59
499	1610.65
500	1610.57
501	1612.13
502	1612.15
503	1612.25
504	1610.6
505	1611.97
506	1610.67
507	1612.13
508	1610.62
509	1610.45
510	1612.06
511	1612.06
512	1610.65
513	1610.23
514	1610.49
515	1610.68
516	1610.7
517	1610.24
518	1612.09
519	1610.65
520	1610.74
521	1612.05
522	1612.16
523	1612.11
524	1612.11
525	1612.11
526	1610.68
527	1610.68
528	1612.09
529	1600.78
530	1612.1
531	1610.69
532	1602.13
533	1612.14
534	1611.85
535	1610.5
536	1610.46
537	1612.01
538	1612.13
539	1610.7
540	1610.53
541	1600.84
542	1610.68
543	1612.07
544	1610.68
545	1610.66
546	1610.59
547	1590.38
548	1612.07
549	1612.09
550	1612.13
551	1612.11
552	1612.02
553	1612.07
554	1612.02
555	1610.68
556	1610.68
557	1610.69
558	1610.69
559	1612.04
560	1612.08
561	1610.67
562	1610.68
563	1612.09
564	1612.06
565	1611.91
566	1610.72
567	1612.04
568	1612.08
569	1612.07
570	1612
571	1612.11
572	1612.1
573	1612.1
574	1610.44
575	1602.15
576	1610.47
577	1612.15
578	1610.67
579	1610.67
580	1610.67
581	1612.07
582	1600.72
583	1612.09
584	1612.04
585	1612.04
586	1602.13
587	1602.18
588	1600.72
