Frame	Volume
1	1053.28
2	1007.25
3	1033.08
4	1026.1
5	1030.78
6	1037
7	1040.01
8	1028.03
9	1039.3
10	1028.74
11	1035.63
12	1031.25
13	1033.01
14	1035.34
15	1033.82
16	1038.29
17	1040.5
18	1038.13
19	1036.19
20	1035.38
21	1031.27
22	1033.94
23	1033.73
24	1032.05
25	1032.13
26	1032.03
27	1036.72
28	1036.93
29	1029.07
30	1036.21
31	1037.43
32	1035.68
33	1031.36
34	1038.16
35	1036.88
36	1037.63
37	1035.69
38	1036.5
39	1030.96
40	1029.43
41	1037.68
42	1030.34
43	1036.6
44	1035.31
45	1036.35
46	1037.39
47	1035.97
48	1037.68
49	1036.59
50	1032.4
51	1031.11
52	1035.44
53	1036.22
54	1031.79
55	1037.8
56	1037.35
57	1032.05
58	1031.96
59	1035.33
60	1036.68
61	1035.14
62	1035.04
63	1031.57
64	1038.07
65	1036.4
66	1036.35
67	1036.05
68	1035.33
69	1036.04
70	1037.11
71	1036.78
72	1037.62
73	1037.22
74	1037.73
75	1036.98
76	1036.69
77	1035.86
78	1036.62
79	1037.08
80	1036.14
81	1035.85
82	1036.43
83	1037.79
84	1037.04
85	1036.66
86	1036.25
87	1036.74
88	1036.65
89	1037.37
90	1037.38
91	1035.7
92	1037.24
93	1031.78
94	1036.82
95	1036.98
96	1037.03
97	1036.42
98	1036.3
99	1035.65
100	1037.14
101	1035.48
102	1036.62
103	1036.67
104	1036.79
105	1036.46
106	1035.41
107	1037.42
108	1035.61
109	1036.07
110	1037.26
111	1036.7
112	1036.74
113	1037.1
114	1036.67
115	1036.43
116	1036.72
117	1036.29
118	1035.91
119	1036.78
120	1035.89
121	1037.24
122	1036.86
123	1036.75
124	1030.96
125	1036.82
126	1037.07
127	1036.91
128	1036.71
129	1036.72
130	1037.28
131	1036.79
132	1036.62
133	1036.78
134	1036.76
135	1037.17
136	1036.81
137	1036.44
138	1036.77
139	1037.2
140	1031.05
141	1036.79
142	1036.77
143	1037.01
144	1035.55
145	1036.64
146	1036.06
147	1036.85
148	1037.07
149	1035.88
150	1036.33
151	1036.75
152	1035.8
153	1037.15
154	1036.9
155	1037.02
156	1035.53
157	1036.74
158	1037.17
159	1036.97
160	1036.99
161	1036.63
162	1037.29
163	1035.7
164	1036.82
165	1036.81
166	1036.92
167	1036.87
168	1036.87
169	1036.8
170	1037.19
171	1036.68
172	1037.59
173	1036.9
174	1037.87
175	1036.82
176	1036.95
177	1037.15
178	1036.95
179	1036.95
180	1037.02
181	1036.89
182	1036.68
183	1036.9
184	1036.79
185	1036.62
186	1036.9
187	1036.94
188	1036.87
189	1037.13
190	1036.65
191	1037.01
192	1036.8
193	1036.74
194	1035.49
195	1037.25
196	1037.23
197	1036.64
198	1035.62
199	1037.41
200	1036.89
201	1036.98
202	1035.03
203	1036.84
204	1037.07
205	1036.48
206	1036.57
207	1037.07
208	1036.44
209	1036.83
210	1037.43
211	1036.47
212	1036.63
213	1036.79
214	1037.02
215	1036.62
216	1037.02
217	1036.39
218	1037.29
219	1036.8
220	1036.94
221	1036.9
222	1036.7
223	1035.78
224	1036.68
225	1036.79
226	1037.03
227	1036.93
228	1035.56
229	1036.78
230	1037.17
231	1036.59
232	1036.92
233	1037.03
234	1035.86
235	1037.04
236	1036.66
237	1037.12
238	1036.41
239	1036.76
240	1036.59
241	1037.2
242	1037.13
243	1036.94
244	1037
245	1036.81
246	1035.5
247	1037.26
248	1036.77
249	1036.81
250	1036.96
251	1037.52
252	1036.81
253	1036.95
254	1036.64
255	1037.14
256	1035.95
257	1036.95
258	1036.75
259	1036.81
260	1036.97
261	1036.74
262	1037.29
263	1036.74
264	1037.12
265	1037.08
266	1037.1
267	1036.74
268	1036.5
269	1037.38
270	1036.94
271	1037.14
272	1037.32
273	1037.16
274	1037.08
275	1036.72
276	1036.57
277	1037.04
278	1037.14
279	1036.99
280	1036.42
281	1037.01
282	1036.71
283	1036.8
284	1037.06
285	1036.86
286	1036.62
287	1036.49
288	1036.71
289	1037.24
290	1036.74
291	1036.97
292	1036.81
293	1037.01
294	1037.1
295	1037.04
296	1031.88
297	1036.85
298	1036.61
299	1036.46
300	1036.62
301	1036.83
302	1036.88
303	1037.07
304	1036.85
305	1036.76
306	1037.08
307	1036.68
308	1036.94
309	1037
310	1036.8
311	1036.93
312	1037.21
313	1036.95
314	1036.78
315	1036.92
316	1036
317	1036.97
318	1037.05
319	1036.87
320	1036.89
321	1037.19
322	1036.93
323	1035.57
324	1036.88
325	1036.67
326	1036.71
327	1036.71
328	1037.03
329	1036.79
330	1036.8
331	1037.19
332	1037.17
333	1036.35
334	1036.79
335	1036.57
336	1036.94
337	1036.91
338	1036.72
339	1037.04
340	1036.68
341	1036.61
342	1036.36
343	1036.9
344	1036.87
345	1036.87
346	1036.52
347	1036.97
348	1036.77
349	1036.74
350	1036.86
351	1037.01
352	1036.43
353	1036.68
354	1036.8
355	1036.69
356	1036.96
357	1036.58
358	1036.84
359	1036.76
360	1036.62
361	1037.01
362	1036.86
363	1036.95
364	1035.93
365	1036.41
366	1037.04
367	1036.73
368	1036.85
369	1037.1
370	1037.04
371	1036.98
372	1036.92
373	1036.77
374	1036.98
375	1036.84
376	1036.84
377	1036.85
378	1036.82
379	1037.01
380	1036.89
381	1037.15
382	1036.88
383	1036.61
384	1036.75
385	1036.84
386	1036.85
387	1037.08
388	1036.82
389	1036.62
390	1037.06
391	1036.85
392	1036.7
393	1036.92
394	1036.86
395	1036.87
396	1036.89
397	1036.8
398	1036.96
399	1037.06
400	1037
401	1036.88
402	1036.99
403	1037.06
404	1037.02
405	1037.02
406	1037.01
407	1036.78
408	1036.91
409	1036.96
410	1036.91
411	1036.83
412	1036.78
413	1036.87
414	1036.79
415	1036.73
416	1036.9
417	1036.91
418	1036.88
419	1036.89
420	1036.89
421	1036.65
422	1036.94
423	1036.9
424	1036.87
425	1036.77
426	1036.91
427	1036.99
428	1036.89
429	1036.76
430	1036.97
431	1036.65
432	1037.02
433	1036.77
434	1036.98
435	1036.96
436	1036.87
437	1036.93
438	1036.92
439	1036.89
440	1036.82
441	1036.82
442	1036.96
443	1036.84
444	1036.93
445	1036.91
446	1036.88
447	1036.9
448	1036.84
449	1036.83
450	1036.88
451	1036.77
452	1036.94
453	1036.97
454	1036.87
455	1036.86
456	1036.86
457	1036.86
458	1036.88
459	1036.88
460	1036.83
461	1036.93
462	1036.76
463	1036.86
464	1036.86
465	1036.94
466	1036.9
467	1036.92
468	1036.96
469	1036.79
470	1036.92
471	1036.76
472	1036.93
473	1036.92
474	1036.84
475	1036.93
476	1037.05
477	1036.81
478	1036.75
479	1036.82
480	1036.99
481	1037.03
482	1036.79
483	1037.03
484	1036.88
485	1036.92
486	1036.99
487	1036.62
488	1036.83
489	1036.76
490	1036.89
491	1036.88
492	1036.86
493	1036.81
494	1037.02
495	1036.73
496	1036.93
497	1036.84
498	1036.66
499	1037
500	1036.88
501	1036.91
502	1036.89
503	1036.75
504	1036.85
505	1036.92
506	1036.86
507	1036.84
508	1036.99
509	1036.97
510	1036.71
511	1036.75
512	1037.03
513	1036.92
514	1037
515	1036.79
516	1036.72
517	1036.93
518	1036.91
519	1036.74
520	1036.88
521	1037.01
522	1037
523	1036.9
524	1036.95
525	1036.83
526	1036.92
527	1036.97
528	1036.92
529	1036.74
530	1036.56
531	1036.93
532	1036.77
533	1036.69
534	1036.94
535	1036.85
536	1036.8
537	1036.97
538	1037.09
539	1036.65
540	1036.91
541	1036.9
542	1037.04
543	1036.8
544	1037.02
545	1036.68
546	1036.66
547	1036.99
548	1036.87
549	1036.8
550	1037.04
551	1036.61
552	1036.71
553	1036.88
554	1036.62
555	1036.91
556	1036.98
557	1036.9
558	1037.02
559	1036.84
560	1037.02
561	1036.6
562	1036.98
563	1036.92
564	1036.81
565	1036.79
566	1036.86
567	1036.83
568	1037.07
569	1036.92
570	1036.87
571	1036.99
572	1037.07
573	1036.99
574	1036.85
575	1036.78
576	1036.73
577	1036.94
578	1036.56
579	1036.88
580	1036.73
581	1036.7
582	1036.86
583	1036.74
584	1036.93
585	1036.88
586	1036.88
587	1036.71
588	1036.96
589	1036.78
590	1036.81
591	1036.77
592	1036.88
593	1036.9
594	1037.02
595	1036.72
596	1036.9
597	1036.87
598	1036.79
599	1036.94
600	1036.72
601	1036.84
602	1036.86
603	1036.88
604	1036.83
605	1036.88
606	1036.99
607	1036.84
608	1036.94
609	1036.94
610	1036.89
611	1036.89
612	1036.87
613	1036.99
614	1036.97
615	1036.76
616	1036.9
617	1036.91
618	1036.81
619	1036.9
620	1036.96
621	1036.86
622	1036.92
623	1036.97
624	1036.9
625	1036.88
626	1036.82
627	1036.88
628	1036.87
629	1036.79
630	1036.78
631	1036.85
632	1036.89
633	1036.91
634	1036.82
635	1036.93
636	1036.98
637	1036.83
638	1036.87
639	1036.89
640	1036.91
641	1036.87
642	1036.87
643	1036.78
644	1036.95
645	1036.86
646	1036.93
647	1036.89
648	1036.85
649	1036.87
650	1036.84
651	1036.97
652	1036.89
653	1036.88
654	1036.97
655	1036.87
656	1036.86
657	1036.87
658	1036.89
659	1036.89
660	1036.84
661	1036.8
662	1036.89
663	1036.87
664	1036.87
665	1036.86
666	1036.89
667	1036.88
668	1036.88
669	1036.88
670	1036.9
671	1036.86
672	1036.9
673	1036.88
674	1036.9
675	1036.89
676	1036.86
677	1036.85
678	1036.89
679	1036.79
680	1036.84
681	1036.84
682	1036.87
683	1036.86
684	1036.85
685	1036.89
686	1036.91
687	1036.93
688	1036.89
689	1036.89
690	1036.82
691	1036.86
692	1036.92
693	1036.87
694	1036.87
695	1036.85
696	1036.87
697	1036.9
698	1036.91
699	1036.88
700	1036.73
701	1036.87
702	1036.91
703	1036.83
704	1036.9
705	1036.88
706	1036.84
707	1036.89
708	1036.9
709	1036.9
710	1036.89
711	1036.89
712	1036.87
713	1036.87
714	1036.85
715	1036.9
716	1036.87
717	1036.9
718	1036.88
719	1036.87
720	1036.88
721	1036.89
722	1036.9
723	1036.88
724	1036.88
725	1036.88
726	1036.9
727	1036.88
728	1036.88
729	1036.88
730	1036.89
731	1036.88
732	1036.9
733	1036.86
734	1036.88
735	1036.89
736	1036.91
737	1036.88
738	1036.88
739	1036.87
740	1036.86
741	1036.89
742	1036.89
743	1036.87
744	1036.89
745	1036.89
746	1036.89
747	1036.86
748	1036.9
749	1036.92
750	1036.89
751	1036.87
752	1036.88
753	1036.89
754	1036.85
755	1036.89
756	1036.87
757	1036.83
758	1036.91
759	1036.88
760	1036.86
761	1036.89
762	1036.9
763	1036.85
764	1036.87
765	1036.87
766	1036.88
767	1036.89
768	1036.97
769	1036.89
770	1036.91
771	1036.92
772	1036.86
773	1036.88
774	1036.9
775	1036.88
776	1036.87
777	1036.86
778	1036.86
779	1036.87
780	1036.86
781	1036.87
782	1036.87
783	1036.92
784	1036.86
785	1036.88
786	1036.88
787	1036.9
788	1036.88
789	1036.89
790	1036.88
791	1036.88
792	1036.88
793	1036.88
794	1036.88
795	1036.89
