Frame	Volume
1	723.323
2	719.752
3	737.572
4	723.295
5	728.841
6	733.377
7	734.813
8	729.485
9	725.541
10	731.588
11	728.555
12	731.482
13	729.427
14	730.283
15	729.325
16	729.038
17	728.626
18	728.84
19	729.52
20	729.195
21	729.832
22	729.327
23	730.305
24	728.107
25	729.118
26	728.814
27	729.9
28	730.378
29	729.954
30	729.225
31	729.523
32	729.442
33	729.771
34	728.916
35	729.96
36	729.619
37	729.242
38	729.509
39	729.474
40	729.466
41	728.01
42	729.013
43	729.889
44	729.787
45	729.802
46	729.991
47	728.651
48	730.589
49	729.844
50	728.622
51	729.042
52	729.352
53	729.352
54	730.257
55	729.167
56	729.733
57	729.14
58	728.884
59	729.532
60	728.954
61	729.796
62	728.728
63	729.722
64	729.923
65	729.729
66	729.507
67	729.681
68	729.086
69	729.186
70	729.183
71	729.508
72	728.927
73	729.89
74	730.081
75	729.299
76	729.646
77	729.756
78	729.803
79	729.413
80	729.611
81	729.561
82	729.437
83	729.422
84	729.258
85	729.893
86	729.708
87	729.102
88	729.587
89	729.202
90	729.446
91	729.607
92	729.282
93	729.992
94	729.498
95	729.579
96	729.297
97	729.463
98	729.547
99	729.19
100	730.05
101	729.338
102	729.382
103	729.391
104	729.701
105	729.963
106	729.844
107	729.675
108	729.358
109	729.613
110	729.676
111	729.471
112	729.631
113	729.039
114	729.447
115	729.504
116	729.586
117	730.034
118	729.565
119	729.214
120	729.46
121	729.25
122	729.513
123	729.384
124	729.38
125	729.334
126	729.493
127	729.695
128	729.142
129	729.681
130	729.612
131	729.251
132	729.022
133	729.344
134	729.809
135	729.642
136	729.53
137	729.516
138	729.805
139	728.996
140	729.45
141	729.55
142	729.227
143	729.534
144	729.191
145	729.442
146	729.728
147	729.682
148	729.525
149	729.408
150	729.353
151	729.638
152	729.708
153	729.414
154	729.503
155	729.472
156	729.461
157	729.234
158	729.615
159	729.458
160	729.539
161	729.258
162	729.482
163	729.306
164	729.615
165	729.255
166	729.425
167	729.581
168	729.633
169	729.416
170	729.258
171	729.485
172	729.576
173	729.409
174	729.43
175	729.188
176	729.537
177	729.246
178	729.477
179	729.623
180	729.61
181	729.599
182	729.371
183	729.203
184	729.421
185	729.472
186	729.522
187	730.005
188	729.58
189	729.511
190	729.779
191	729.705
192	729.78
193	729.124
194	729.81
195	729.314
196	729.814
197	729.921
198	729.672
199	729.967
200	729.092
201	729.102
202	729.511
203	729.604
204	730.321
205	729.207
206	729.506
207	729.185
208	729.593
209	729.405
210	729.577
211	729.351
212	729.514
213	729.266
214	729.533
215	729.798
216	729.629
217	729.203
218	729.549
219	729.469
220	729.436
221	729.42
222	729.621
223	729.47
224	729.552
225	729.54
226	729.091
227	729.647
228	729.363
229	729.573
230	729.316
231	729.428
232	729.536
233	729.593
234	729.498
235	729.479
236	729.399
237	729.331
238	729.503
239	729.404
240	729.517
241	729.547
242	729.553
243	729.512
244	729.408
245	729.489
246	729.452
247	729.378
248	729.621
249	729.527
250	729.58
251	729.428
252	729.376
253	729.362
254	729.501
255	729.55
256	729.497
257	729.546
258	729.399
259	729.352
260	729.475
261	729.47
262	729.39
263	729.601
264	729.341
265	729.258
266	729.611
267	729.44
268	729.533
269	729.607
270	729.573
271	729.446
272	729.498
273	729.429
274	729.413
275	729.437
276	729.394
277	729.589
278	729.58
279	729.423
280	729.544
281	729.515
282	729.404
283	729.485
284	729.432
285	729.468
286	729.429
287	729.56
288	729.5
289	729.555
290	729.536
291	729.527
292	729.532
293	729.505
294	729.357
295	729.461
296	729.458
297	729.459
298	729.496
299	729.421
300	729.514
301	729.567
302	729.601
303	729.485
304	729.552
305	729.637
306	729.494
307	729.526
308	729.398
309	729.463
310	729.42
311	729.475
312	729.538
313	729.628
314	729.494
315	729.564
316	729.508
317	729.443
318	729.429
319	729.539
320	729.445
321	729.406
322	729.492
323	729.506
324	729.469
325	729.485
326	729.384
327	729.519
328	729.504
329	729.469
330	729.514
331	729.599
332	729.599
333	729.444
334	729.528
335	729.508
336	729.486
337	729.486
338	729.461
339	729.497
340	729.478
341	729.557
342	729.561
343	729.412
344	729.501
345	729.545
346	729.381
347	729.461
348	729.489
349	729.464
350	729.487
351	729.51
352	729.519
353	729.48
354	729.493
355	729.494
356	729.514
357	729.492
358	729.502
359	729.443
360	729.458
361	729.522
362	729.492
363	729.551
364	729.519
365	729.498
366	729.539
367	729.472
368	729.466
369	729.432
370	729.473
371	729.522
372	729.508
373	729.528
374	729.509
375	729.526
376	729.524
377	729.453
378	729.503
379	729.481
380	729.486
381	729.456
382	729.433
383	729.476
384	729.547
385	729.502
386	729.489
387	729.472
388	729.501
389	729.479
390	729.508
391	729.525
392	729.525
393	729.462
394	729.492
395	729.532
396	729.511
397	729.471
398	729.439
399	729.458
400	729.485
401	729.516
402	729.446
403	729.502
404	729.483
405	729.5
406	729.513
407	729.477
408	729.465
409	729.539
410	729.465
411	729.462
412	729.471
413	729.463
414	729.511
415	729.513
416	729.469
417	729.462
418	729.445
419	729.485
420	729.521
421	729.536
422	729.514
423	729.478
424	729.468
425	729.481
426	729.49
427	729.498
428	729.461
429	729.459
430	729.47
431	729.513
432	729.504
433	729.459
434	729.497
435	729.504
436	729.513
437	729.513
438	729.488
439	729.513
440	729.516
441	729.427
442	729.474
443	729.453
444	729.461
445	729.508
446	729.439
447	729.467
448	729.617
449	729.577
450	729.48
451	729.487
452	729.487
453	729.474
