Frame	Volume
1	1390.97
2	1404.51
3	1441.92
4	1456.6
5	1434.7
6	1440.35
7	1431.51
8	1433.94
9	1442.6
10	1431.83
11	1437.66
12	1437.79
13	1437.56
14	1433.95
15	1438.74
16	1436.49
17	1435.2
18	1432.47
19	1436.93
20	1434.89
21	1439.32
22	1439.38
23	1435.52
24	1435.31
25	1435.64
26	1435.73
27	1434.93
28	1435.93
29	1440.34
30	1434.28
31	1439.73
32	1437.74
33	1437.24
34	1438.02
35	1433.5
36	1435.16
37	1435.93
38	1437.3
39	1436.68
40	1435.5
41	1438.27
42	1437.14
43	1435.34
44	1436.49
45	1436.06
46	1435.78
47	1435.31
48	1434.9
49	1437.95
50	1434.92
51	1438.18
52	1438.11
53	1437.5
54	1435.32
55	1435.12
56	1436.75
57	1437.76
58	1435.07
59	1437.26
60	1436.06
61	1436
62	1435.05
63	1437
64	1434.89
65	1437.92
66	1437.35
67	1435.71
68	1436.83
69	1436.73
70	1435.68
71	1435.17
72	1435.39
73	1437.34
74	1436.99
75	1437.63
76	1435.56
77	1437.03
78	1436.01
79	1435.07
80	1436.55
81	1434.28
82	1436.62
83	1434.49
84	1435.62
85	1435.92
86	1434.75
87	1436.91
88	1436.76
89	1435.29
90	1437.59
91	1435.08
92	1439.62
93	1434.54
94	1436.84
95	1436.14
96	1436.14
97	1435.7
98	1436.08
99	1435.34
100	1435.46
101	1435.89
102	1434.95
103	1437.47
104	1434.89
105	1435.99
106	1435.89
107	1435.47
108	1436.05
109	1436.38
110	1435.76
111	1435.92
112	1436.68
113	1436.65
114	1435.81
115	1436.18
116	1437.25
117	1436.66
118	1436.27
119	1435.79
120	1436.06
121	1436.16
122	1436.98
123	1436.02
124	1435.4
125	1436.23
126	1436.03
127	1436.01
128	1436.07
129	1435.85
130	1436.15
131	1438.04
132	1435.33
133	1435.78
134	1436.73
135	1435.92
136	1436.76
137	1435.89
138	1435.54
139	1437.02
140	1436.29
141	1436.32
142	1437.22
143	1436.6
144	1435.73
145	1436.73
146	1435.36
147	1435.9
148	1436.15
149	1436
150	1436.4
151	1436.67
152	1436.45
153	1436.37
154	1436.32
155	1435.9
156	1437.06
157	1436.65
158	1435.94
159	1436.89
160	1435.82
161	1437.01
162	1436.41
163	1435.97
164	1436.52
165	1436.31
166	1435.99
167	1435.96
168	1435.61
169	1436.14
170	1436.44
171	1436.47
172	1436.36
173	1436.92
174	1436.28
175	1436.12
176	1436.18
177	1436.26
178	1436.67
179	1436.23
180	1435.18
181	1436.2
182	1436.26
183	1436.4
184	1436.74
185	1435.87
186	1436.16
187	1436.51
188	1435.92
189	1435.98
190	1436.09
191	1436.31
192	1436.56
193	1436.22
194	1436.51
195	1435.94
196	1436.61
197	1436.65
198	1436.63
199	1436.31
200	1435.78
201	1436.02
202	1436.71
203	1435.82
204	1435.71
205	1436.11
206	1435.98
207	1436.49
208	1435.68
209	1436.46
210	1436.58
211	1436.3
212	1436.73
213	1436.1
214	1435.97
215	1435.91
216	1436.02
217	1435.86
218	1436.04
219	1436.3
220	1436.76
221	1435.95
222	1435.98
223	1436.73
224	1436.47
225	1436.71
226	1436.36
227	1436.01
228	1435.85
229	1435.96
230	1436.28
231	1436.99
232	1436
233	1436.22
234	1435.86
235	1436.2
236	1436.04
237	1436.6
238	1435.88
239	1436.47
240	1436.64
241	1436.12
242	1436
243	1436.01
244	1436.33
245	1436.27
246	1436.13
247	1436.3
248	1436.08
249	1436.88
250	1436.3
251	1436.05
252	1436.17
253	1436.54
254	1435.77
255	1436.15
256	1436.13
257	1435.81
258	1435.8
259	1436.46
260	1436.26
261	1436.13
262	1435.98
263	1435.83
264	1436.8
265	1436.41
266	1436.46
267	1436.47
268	1435.99
269	1435.91
270	1436.38
271	1436.36
272	1436.53
273	1436.5
274	1436.4
275	1436.43
276	1436.8
277	1436.3
278	1436.21
279	1436.48
280	1436.25
281	1436.4
282	1436.22
283	1436.3
284	1436.2
285	1435.96
286	1435.97
287	1436.43
288	1436.32
289	1436.38
290	1436.38
291	1436.3
292	1436.34
293	1436.12
294	1436.32
295	1436.43
296	1436.22
297	1436.19
298	1436.13
299	1436
300	1436.48
301	1436.26
302	1436.01
303	1436.09
304	1436.08
305	1436.38
306	1436.27
307	1436.28
308	1436.23
309	1436.6
310	1436.35
311	1436.57
312	1436.36
313	1436.36
314	1436.33
315	1435.99
316	1436.21
317	1436.29
318	1435.76
319	1435.88
320	1436.28
321	1436.26
322	1436.36
323	1436.27
324	1436.22
325	1436.31
326	1436.38
327	1436.44
328	1436.33
329	1436.2
330	1436.35
331	1436.45
332	1436.08
333	1436.38
334	1436.36
335	1436.35
336	1436.23
337	1436.31
338	1436.51
339	1436.12
340	1436.37
341	1436.45
342	1436.17
343	1435.55
344	1436.19
345	1435.96
346	1436.26
347	1436.61
348	1436.33
349	1436.24
350	1436.19
351	1436.49
352	1436.01
353	1436.48
354	1436.04
355	1436.17
356	1436.52
357	1436.37
358	1436.51
359	1436.22
360	1436.16
361	1436.32
362	1436.33
363	1436.21
364	1436.34
365	1436.33
366	1436.26
367	1436.29
368	1436.32
369	1436.14
370	1436.28
371	1436.45
372	1436.29
373	1436.23
374	1436.34
375	1436.29
376	1436.05
377	1436.21
378	1435.94
379	1436.38
380	1436.38
381	1436.36
382	1436.74
383	1436
384	1436.39
385	1436.08
386	1436.48
387	1436.29
388	1436
389	1436.21
390	1436.3
391	1436.01
392	1436.41
393	1436.35
394	1436.03
395	1436.28
396	1436.06
397	1436.35
398	1436.14
399	1436.61
400	1436.15
401	1436.14
402	1436.36
403	1436.52
404	1436.04
405	1436.26
406	1436.25
407	1436.41
408	1436.18
409	1436.12
410	1436.12
411	1436.23
412	1436.23
413	1436.28
414	1436.44
415	1436.23
416	1436.39
417	1436.23
418	1436.2
419	1436.18
420	1436.32
421	1436.23
422	1436.36
423	1436.38
424	1436.45
425	1436.4
426	1436.29
427	1436.19
428	1436.1
429	1436.29
430	1436.44
431	1436.29
432	1436.29
433	1436.21
434	1436.26
435	1436.44
436	1436.42
437	1436.15
438	1436.32
439	1436.18
440	1436.26
441	1436.36
442	1436.33
443	1436.29
444	1436.14
445	1436.44
446	1436.19
447	1436.2
448	1436.23
449	1436.35
450	1436.18
451	1436.35
452	1436.01
453	1436.28
454	1436.22
455	1436.09
456	1436.26
457	1436.17
458	1436.28
459	1436.22
460	1436.39
461	1436.12
462	1436.26
463	1436.3
464	1436.25
465	1436.21
466	1436.48
467	1436.14
468	1436.23
469	1436.18
470	1436.09
471	1436
472	1436.47
473	1436.25
474	1436.43
475	1436.35
476	1436.28
477	1436.2
478	1436.23
479	1436.23
480	1436.17
481	1436.2
482	1436.34
483	1436.31
484	1436.37
485	1436.25
486	1436.27
487	1436.29
488	1436.16
489	1436.27
490	1436.23
491	1436.21
492	1436.24
493	1436.33
494	1436.17
495	1436.31
496	1436.13
497	1436.18
498	1436.29
499	1436.34
500	1436.18
501	1436.22
502	1436.28
503	1436.26
504	1436.3
505	1436.22
506	1436.4
507	1436.18
508	1436.16
509	1436.28
510	1436.25
511	1436.11
512	1436.34
513	1436.22
514	1436.3
515	1436.28
516	1436.29
517	1436.28
518	1436.28
519	1436.17
520	1436.13
521	1436.14
522	1436.32
523	1436.26
524	1436.2
525	1436.18
526	1436.29
527	1436.34
528	1436.27
529	1436.25
530	1436.3
531	1436.15
532	1436.28
533	1436.24
534	1436.17
535	1436.26
536	1436.3
537	1436.19
538	1436.21
539	1436.26
540	1436.19
541	1436.12
542	1436.08
543	1436.16
544	1436.25
545	1436.3
546	1436.18
547	1436.31
548	1436.29
549	1436.18
550	1436.23
551	1436.23
552	1436.18
553	1436.33
554	1436.22
555	1436.14
556	1436.38
557	1436.38
558	1436.32
559	1436.23
560	1436.3
561	1436.33
562	1436.26
563	1436.14
564	1436.28
565	1436.21
566	1436.22
567	1436.29
568	1436.22
569	1436.19
570	1436.23
571	1436.23
572	1436.25
573	1436.28
574	1436.26
575	1436.14
576	1436.25
577	1436.28
578	1436.28
579	1436.24
580	1436.26
581	1436.28
582	1436.31
583	1436.28
584	1436.24
585	1436.23
586	1436.3
587	1436.25
588	1436.27
