Frame	Volume
1	1284.61
2	1321.94
3	1334.16
4	1337.6
5	1331.42
6	1330.2
7	1330.44
8	1329.58
9	1328.43
10	1326.45
11	1332.65
12	1333.12
13	1331.24
14	1329.1
15	1331.76
16	1330.16
17	1330.84
18	1329.47
19	1330.73
20	1330.04
21	1331.98
22	1331.71
23	1330.52
24	1331.23
25	1331.01
26	1330.88
27	1330.18
28	1330.66
29	1332.57
30	1329.93
31	1332.72
32	1332.21
33	1331.25
34	1331.68
35	1330.36
36	1331.38
37	1331.26
38	1331.12
39	1330.83
40	1330.23
41	1332.09
42	1330.96
43	1330.44
44	1330.96
45	1331.09
46	1330.05
47	1330.66
48	1330.28
49	1332.13
50	1330.53
51	1332.34
52	1331.7
53	1331.85
54	1330.58
55	1330.57
56	1331.14
57	1332.19
58	1330.26
59	1331.62
60	1330.92
61	1330.52
62	1330.46
63	1331.6
64	1330.45
65	1331.55
66	1330.77
67	1330.65
68	1331.78
69	1331.84
70	1330.25
71	1330.72
72	1330.24
73	1331.55
74	1331.04
75	1332.14
76	1330.41
77	1331.17
78	1331.01
79	1330.42
80	1330.84
81	1330.01
82	1330.87
83	1331.07
84	1330.69
85	1330.97
86	1330.22
87	1331.65
88	1331.13
89	1330.63
90	1330.87
91	1330.42
92	1331.65
93	1330.47
94	1331.28
95	1330.83
96	1331.12
97	1330.82
98	1331
99	1330.52
100	1331.34
101	1330.49
102	1329.83
103	1331.53
104	1330.38
105	1330.75
106	1330.85
107	1330.54
108	1330.48
109	1330.87
110	1330.93
111	1330.88
112	1331.07
113	1331.17
114	1330.57
115	1330.91
116	1331.3
117	1330.87
118	1330.87
119	1330.9
120	1330.99
121	1330.96
122	1331.12
123	1331.2
124	1330.53
125	1330.99
126	1330.57
127	1330.99
128	1330.61
129	1330.67
130	1331.11
131	1331.7
132	1330.62
133	1330.49
134	1331.18
135	1330.98
136	1330.84
137	1330.78
138	1330.63
139	1331.64
140	1331.03
141	1330.97
142	1331.55
143	1331.17
144	1331.05
145	1331.5
146	1330.88
147	1330.85
148	1331.04
149	1330.93
150	1330.79
151	1331.18
152	1331.14
153	1331.3
154	1331.02
155	1330.83
156	1331.38
157	1331.07
158	1330.9
159	1331.12
160	1330.78
161	1331.36
162	1330.9
163	1331
164	1331.28
165	1331.22
166	1330.91
167	1330.85
168	1330.76
169	1331.2
170	1331.02
171	1331.24
172	1331.05
173	1331.37
174	1331.18
175	1330.86
176	1330.71
177	1331.15
178	1331.37
179	1331.09
180	1330.52
181	1331.06
182	1330.96
183	1331.35
184	1331.23
185	1330.77
186	1330.94
187	1331.05
188	1330.93
189	1330.82
190	1330.96
191	1330.99
192	1331.19
193	1330.89
194	1331.16
195	1330.99
196	1331.23
197	1331.22
198	1331.1
199	1330.91
200	1330.96
201	1330.85
202	1331.24
203	1330.63
204	1330.72
205	1330.84
206	1330.78
207	1331.11
208	1330.6
209	1331.08
210	1331.01
211	1330.94
212	1331.17
213	1330.9
214	1330.85
215	1330.95
216	1331.11
217	1330.71
218	1330.98
219	1331.07
220	1331.15
221	1331.02
222	1330.78
223	1331.28
224	1330.96
225	1331.33
226	1331.12
227	1330.88
228	1330.75
229	1330.92
230	1330.93
231	1331.35
232	1330.83
233	1330.8
234	1330.79
235	1331.08
236	1330.79
237	1331.19
238	1330.84
239	1331.19
240	1331.2
241	1330.96
242	1330.83
243	1330.83
244	1331.01
245	1331.11
246	1330.88
247	1331.01
248	1330.93
249	1331.38
250	1330.88
251	1330.78
252	1330.89
253	1331.17
254	1330.66
255	1331
256	1330.92
257	1330.88
258	1330.88
259	1331.08
260	1330.97
261	1330.94
262	1330.87
263	1330.72
264	1331.26
265	1331.1
266	1331.09
267	1331.02
268	1330.97
269	1330.86
270	1330.93
271	1331.19
272	1331.17
273	1331.18
274	1331.11
275	1331.09
276	1331.13
277	1331.03
278	1331.06
279	1331.16
280	1330.93
281	1330.99
282	1330.92
283	1331.12
284	1331.04
285	1330.85
286	1330.96
287	1331.11
288	1331.14
289	1331.06
290	1331.16
291	1331.14
292	1331.03
293	1330.9
294	1331.07
295	1331.11
296	1331.03
297	1330.98
298	1330.85
299	1330.83
300	1331.09
301	1330.95
302	1330.96
303	1331.01
304	1330.88
305	1331.08
306	1331.12
307	1330.97
308	1330.96
309	1331.2
310	1331.06
311	1331.09
312	1331.14
313	1331.05
314	1331.04
315	1330.89
316	1330.93
317	1330.93
318	1330.95
319	1330.91
320	1331.01
321	1330.97
322	1330.75
323	1331.01
324	1331.1
325	1331.02
326	1331.07
327	1331.11
328	1331.07
329	1331.01
330	1331.09
331	1331.15
332	1330.95
333	1331.05
334	1330.98
335	1331.07
336	1330.85
337	1330.71
338	1331.17
339	1331.01
340	1330.94
341	1331.14
342	1330.94
343	1330.79
344	1330.92
345	1330.86
346	1330.95
347	1331.08
348	1330.96
349	1330.98
350	1330.99
351	1331.03
352	1330.85
353	1331.05
354	1330.93
355	1330.99
356	1331.1
357	1331.03
358	1331.06
359	1331.03
360	1330.94
361	1331.01
362	1331
363	1331.01
364	1330.95
365	1331.04
366	1330.97
367	1331.02
368	1331.15
369	1330.99
370	1331.01
371	1331.09
372	1331.02
373	1330.96
374	1331.07
375	1331.01
376	1330.98
377	1331.02
378	1330.9
379	1330.97
380	1331.08
381	1330.96
382	1331.29
383	1330.92
384	1331.09
385	1331.06
386	1331.12
387	1331.03
388	1330.96
389	1330.93
390	1331.06
391	1330.95
392	1331.05
393	1331
394	1330.94
395	1330.99
396	1331.05
397	1331.14
398	1330.85
399	1331.1
400	1331
401	1330.95
402	1331.05
403	1331.12
404	1330.85
405	1331.07
406	1331.07
407	1331.14
408	1330.99
409	1330.93
410	1331.03
411	1331.02
412	1331.04
413	1331.05
414	1331.04
415	1330.99
416	1331.09
417	1330.96
418	1330.98
419	1331.02
420	1331.04
421	1331.03
422	1331.01
423	1331.04
424	1331.04
425	1331.06
426	1331.03
427	1330.94
428	1331.01
429	1331.03
430	1331.08
431	1331.03
432	1331.1
433	1330.93
434	1330.98
435	1331.05
436	1331.11
437	1331.03
438	1331.03
439	1330.93
440	1331.02
441	1330.99
442	1331.04
443	1331.01
444	1331.03
445	1331.05
446	1330.99
447	1331.01
448	1331.08
449	1331.01
450	1330.95
451	1331.07
452	1330.98
453	1331.01
454	1330.94
455	1331.03
456	1331.04
457	1331
458	1331.04
459	1331.03
460	1331.06
461	1330.96
462	1330.99
463	1331.02
464	1331.01
465	1330.95
466	1331.12
467	1330.99
468	1330.95
469	1330.92
470	1331
471	1331.05
472	1331.12
473	1331.06
474	1331.06
475	1331.08
476	1331.01
477	1330.98
478	1330.95
479	1330.94
480	1331.02
481	1330.99
482	1331.05
483	1331.01
484	1331.06
485	1331.04
486	1331
487	1331.01
488	1330.99
489	1331.05
490	1331.04
491	1331.01
492	1330.99
493	1331.01
494	1331
495	1331.01
496	1330.97
497	1331
498	1331.04
499	1331.01
500	1331.01
501	1331.01
502	1331.02
503	1331.01
504	1331.05
505	1331.02
506	1331.05
507	1331.01
508	1331.01
509	1330.99
510	1331
511	1331
512	1331.03
513	1330.99
514	1331.01
515	1331.02
516	1331.02
517	1331
518	1330.99
519	1331.02
520	1330.98
521	1330.99
522	1331.02
523	1331.01
524	1331.01
525	1330.99
526	1331.02
527	1331.02
528	1330.99
529	1331.01
530	1331.01
531	1331.03
532	1331.02
533	1331.01
534	1331.01
535	1331.01
536	1331.03
537	1331.02
538	1330.95
539	1330.99
540	1331.04
541	1331.03
542	1330.96
543	1331.01
544	1330.95
545	1331.03
546	1331.01
547	1331.05
548	1331.02
549	1331
550	1331.04
551	1331.02
552	1331.01
553	1331.04
554	1331.03
555	1330.99
556	1331.05
557	1331.04
558	1331.01
559	1330.98
560	1331.02
561	1331.03
562	1331.01
563	1331.01
564	1331.01
565	1331
566	1331.01
567	1331.01
568	1331.02
569	1331.02
570	1330.97
571	1331.02
572	1331.05
573	1331
574	1331.01
575	1331
576	1331
577	1331.02
578	1331.01
579	1331.03
580	1331.02
581	1331.02
582	1331.02
583	1331.02
584	1331
585	1331.05
586	1331.04
587	1331
588	1331.01
