Frame	Volume
1	1319.8
2	1290.55
3	1323.61
4	1343.92
5	1326.24
6	1323.57
7	1313.77
8	1323.25
9	1329.51
10	1322.22
11	1335.02
12	1335.37
13	1331.54
14	1327.38
15	1332.69
16	1323.92
17	1330.55
18	1328.12
19	1325.08
20	1329.48
21	1332.8
22	1328.24
23	1330.26
24	1331.54
25	1331.2
26	1330.79
27	1329.41
28	1330.3
29	1334.27
30	1328.8
31	1334.6
32	1333.38
33	1331.58
34	1332.27
35	1329.43
36	1331.56
37	1331.42
38	1331.12
39	1326.11
40	1325.44
41	1333.13
42	1330.96
43	1329.78
44	1331
45	1331.21
46	1329.05
47	1330.31
48	1329.53
49	1333.12
50	1330.08
51	1333.76
52	1332.44
53	1332.55
54	1330.23
55	1330.27
56	1331.25
57	1333.45
58	1329.67
59	1332.22
60	1330.85
61	1330.01
62	1330.06
63	1332.19
64	1329.91
65	1332.13
66	1330.64
67	1330.29
68	1332.28
69	1332.57
70	1329.52
71	1330.55
72	1329.44
73	1332.03
74	1331.06
75	1333.17
76	1329.73
77	1331.29
78	1331.03
79	1329.72
80	1330.6
81	1329.13
82	1330.67
83	1331.07
84	1330.5
85	1330.92
86	1329.52
87	1332.25
88	1331.26
89	1330.21
90	1330.56
91	1329.9
92	1327.67
93	1329.97
94	1331.46
95	1330.82
96	1331.24
97	1330.73
98	1331
99	1330.06
100	1331.85
101	1330.12
102	1328.75
103	1332.02
104	1329.65
105	1330.51
106	1330.76
107	1329.85
108	1330.09
109	1330.75
110	1330.74
111	1330.87
112	1331.1
113	1331.47
114	1330.28
115	1330.89
116	1331.52
117	1330.72
118	1330.98
119	1330.83
120	1331.01
121	1330.92
122	1331.31
123	1331.43
124	1329.96
125	1330.98
126	1330.19
127	1330.68
128	1330.26
129	1330.25
130	1331.18
131	1332.31
132	1330.23
133	1330.02
134	1331.34
135	1331.04
136	1330.71
137	1330.53
138	1330.26
139	1332.32
140	1330.9
141	1330.96
142	1332.21
143	1331.41
144	1330.99
145	1331.99
146	1330.68
147	1330.67
148	1331.04
149	1330.9
150	1330.57
151	1331.25
152	1331.31
153	1331.56
154	1330.98
155	1330.87
156	1331.65
157	1331.23
158	1330.81
159	1331.23
160	1330.61
161	1331.53
162	1330.8
163	1330.77
164	1331.47
165	1331.26
166	1330.96
167	1330.7
168	1330.74
169	1331.38
170	1331.02
171	1331.49
172	1330.94
173	1331.81
174	1331.25
175	1330.75
176	1330.43
177	1331.17
178	1331.63
179	1330.99
180	1330.14
181	1331.05
182	1330.8
183	1331.55
184	1331.39
185	1330.77
186	1330.79
187	1331.05
188	1330.84
189	1330.68
190	1330.95
191	1331.04
192	1331.41
193	1330.82
194	1331.23
195	1330.82
196	1331.51
197	1331.36
198	1331.23
199	1330.94
200	1330.91
201	1330.65
202	1331.46
203	1330.28
204	1330.34
205	1330.7
206	1330.47
207	1331.14
208	1330.11
209	1331.06
210	1330.95
211	1331.04
212	1331.34
213	1330.87
214	1330.7
215	1330.83
216	1331.24
217	1330.52
218	1330.95
219	1330.8
220	1331.39
221	1331
222	1330.59
223	1331.43
224	1330.96
225	1331.74
226	1331.35
227	1330.75
228	1330.46
229	1330.9
230	1330.81
231	1331.81
232	1330.5
233	1330.63
234	1330.64
235	1331.28
236	1330.7
237	1331.43
238	1330.65
239	1331.32
240	1331.42
241	1330.73
242	1330.67
243	1330.75
244	1331.2
245	1331.14
246	1330.89
247	1331.04
248	1330.78
249	1331.76
250	1330.85
251	1330.54
252	1330.73
253	1331.48
254	1330.49
255	1330.77
256	1330.88
257	1330.61
258	1330.63
259	1331.19
260	1330.94
261	1330.86
262	1330.78
263	1330.52
264	1331.56
265	1331.39
266	1331.22
267	1331.15
268	1330.98
269	1330.69
270	1330.97
271	1331.19
272	1331.33
273	1331.31
274	1331.23
275	1331.22
276	1331.35
277	1330.95
278	1331.03
279	1331.29
280	1330.81
281	1331.05
282	1330.86
283	1331.17
284	1331.08
285	1330.6
286	1330.81
287	1331.2
288	1331.1
289	1331.19
290	1331.13
291	1331.24
292	1331.17
293	1330.77
294	1331.05
295	1331.02
296	1331.08
297	1330.95
298	1330.69
299	1330.69
300	1330.98
301	1330.94
302	1330.82
303	1330.99
304	1330.8
305	1331.02
306	1331.05
307	1330.87
308	1330.95
309	1331.48
310	1331.12
311	1331.2
312	1331.13
313	1331.2
314	1331.14
315	1330.84
316	1330.99
317	1330.92
318	1330.8
319	1330.82
320	1331.02
321	1330.88
322	1330.65
323	1330.99
324	1331.28
325	1330.94
326	1331.11
327	1331.15
328	1331.16
329	1331.11
330	1331.23
331	1331.34
332	1330.86
333	1331
334	1330.93
335	1331.12
336	1330.79
337	1330.54
338	1331.28
339	1330.73
340	1330.92
341	1331.18
342	1330.84
343	1330.56
344	1330.87
345	1330.66
346	1330.94
347	1331.18
348	1331.14
349	1331.02
350	1330.95
351	1331.22
352	1330.83
353	1331.06
354	1330.85
355	1331.01
356	1331.36
357	1331.06
358	1331.19
359	1331.07
360	1330.86
361	1331.02
362	1331
363	1330.97
364	1331.08
365	1331.14
366	1330.97
367	1331.05
368	1331.12
369	1330.96
370	1331.01
371	1331.2
372	1331
373	1330.99
374	1331.1
375	1330.95
376	1330.89
377	1331.01
378	1330.73
379	1331.01
380	1331.23
381	1331.04
382	1331.59
383	1330.83
384	1331.16
385	1330.95
386	1331.24
387	1331.07
388	1330.73
389	1330.84
390	1331.13
391	1330.91
392	1331.15
393	1331.05
394	1330.92
395	1331.07
396	1330.89
397	1331.24
398	1330.75
399	1331.35
400	1330.91
401	1330.82
402	1331.11
403	1331.27
404	1330.72
405	1331.09
406	1330.97
407	1331.27
408	1330.97
409	1330.9
410	1331.07
411	1331.08
412	1331.01
413	1331.04
414	1331.11
415	1330.91
416	1331.21
417	1330.91
418	1330.92
419	1331.03
420	1331
421	1331.04
422	1331.06
423	1331.11
424	1331.14
425	1331.17
426	1331.01
427	1331
428	1331
429	1331.05
430	1331.11
431	1331.05
432	1331.19
433	1330.92
434	1331.03
435	1331.17
436	1331.18
437	1330.87
438	1331.06
439	1330.88
440	1331.06
441	1331.05
442	1330.97
443	1330.99
444	1330.91
445	1331.2
446	1330.95
447	1331.05
448	1331.04
449	1331.11
450	1330.95
451	1331.05
452	1330.87
453	1331.02
454	1330.96
455	1330.95
456	1331.03
457	1330.89
458	1331.04
459	1331.05
460	1331.17
461	1330.94
462	1331
463	1331.03
464	1331
465	1330.94
466	1331.2
467	1330.99
468	1330.96
469	1330.87
470	1330.86
471	1330.93
472	1331.21
473	1331.15
474	1331.17
475	1331.08
476	1331.01
477	1330.93
478	1330.99
479	1330.96
480	1330.94
481	1330.98
482	1331.16
483	1331.11
484	1331.1
485	1330.95
486	1331.01
487	1331.08
488	1331.02
489	1331.03
490	1331.06
491	1330.97
492	1331
493	1330.99
494	1331.06
495	1331.05
496	1330.9
497	1331
498	1331.08
499	1331.07
500	1331
501	1331.05
502	1331.01
503	1331
504	1331.05
505	1330.93
506	1331.14
507	1331.02
508	1330.93
509	1331
510	1330.99
511	1331.04
512	1331.03
513	1330.98
514	1331
515	1331.01
516	1331.03
517	1331.02
518	1331
519	1331.01
520	1330.98
521	1330.97
522	1331.06
523	1331
524	1331.05
525	1330.93
526	1331.02
527	1331.08
528	1331
529	1330.99
530	1331.03
531	1331
532	1331.02
533	1330.98
534	1331.01
535	1331
536	1331.04
537	1331.01
538	1330.93
539	1330.97
540	1331.06
541	1330.95
542	1330.9
543	1331.02
544	1331
545	1331.02
546	1331.03
547	1331.04
548	1331.02
549	1330.94
550	1331.07
551	1331.07
552	1331.01
553	1331.07
554	1331.05
555	1330.98
556	1331.12
557	1331.11
558	1331.05
559	1330.97
560	1331.05
561	1331.07
562	1330.98
563	1330.99
564	1331.01
565	1330.94
566	1330.96
567	1331.04
568	1330.96
569	1331.03
570	1330.96
571	1331.07
572	1330.98
573	1331.01
574	1330.99
575	1330.95
576	1330.97
577	1331.03
578	1331
579	1330.99
580	1331
581	1331.02
582	1331.06
583	1331.05
584	1330.98
585	1331.06
586	1331.04
587	1331.01
588	1331
