Frame	Volume
1	1147.08
2	1211.17
3	1184.96
4	1187.26
5	1191.81
6	1179.61
7	1176.45
8	1187.91
9	1172.99
10	1182.83
11	1183.92
12	1184.09
13	1174.33
14	1175.36
15	1177.25
16	1180.14
17	1177.25
18	1183.71
19	1181.09
20	1186.27
21	1183.8
22	1181.91
23	1177.97
24	1184.26
25	1178.41
26	1182.69
27	1178.05
28	1178.89
29	1186.36
30	1184.46
31	1178
32	1184.62
33	1178.56
34	1181.79
35	1183.87
36	1177.39
37	1184.06
38	1178.86
39	1184.79
40	1185.15
41	1183.89
42	1184.62
43	1183.19
44	1185.44
45	1184.49
46	1183.88
47	1178.97
48	1177.76
49	1183.89
50	1182.87
51	1184.4
52	1184.92
53	1184.52
54	1181.62
55	1182.96
56	1183.82
57	1183.44
58	1183.61
59	1179.31
60	1183.75
61	1184.28
62	1184.06
63	1183.27
64	1181.38
65	1183.82
66	1183.98
67	1184.61
68	1183.65
69	1182.94
70	1179
71	1183.8
72	1183.18
73	1182.93
74	1182.63
75	1183.61
76	1183.38
77	1184.82
78	1178.99
79	1178.51
80	1182.71
81	1183.36
82	1184.82
83	1182.95
84	1183.63
85	1183.66
86	1183.95
87	1183.84
88	1183.55
89	1183.06
90	1183.39
91	1183.13
92	1183.65
93	1182.91
94	1183.47
95	1183.67
96	1178.7
97	1184.08
98	1178.74
99	1183.77
100	1183.46
101	1183.92
102	1183.93
103	1178.93
104	1183.82
105	1178.76
106	1183.6
107	1182.9
108	1183.73
109	1183.1
110	1183.3
111	1179.35
112	1183.81
113	1183.07
114	1183.67
115	1184.33
116	1183.86
117	1179.17
118	1182.89
119	1178.28
120	1182.83
121	1183.12
122	1183.7
123	1183.86
124	1184.01
125	1183.76
126	1183.08
127	1183.29
128	1183.5
129	1183.92
130	1183.05
131	1183.97
132	1183.54
133	1183.57
134	1183.7
135	1183.5
136	1179.31
137	1184.24
138	1179.27
139	1183.4
140	1184.12
141	1183.83
142	1183.49
143	1183.37
144	1183.33
145	1183.36
146	1184.33
147	1183.65
148	1183.83
149	1183.32
150	1184.11
151	1183.68
152	1183.37
153	1183.05
154	1183.6
155	1183.37
156	1183.52
157	1179.45
158	1183.4
159	1178.54
160	1183.27
161	1179.16
162	1182.75
163	1183.41
164	1178.85
165	1183.91
166	1183.43
167	1183.72
168	1183.07
169	1184.01
170	1183.41
171	1183.7
172	1183.31
173	1183.6
174	1182.79
175	1183.3
176	1183.48
177	1183.4
178	1178.99
179	1183.42
180	1183.6
181	1183.9
182	1184.06
183	1183.43
184	1184.19
185	1183.78
186	1183.22
187	1183.19
188	1183.69
189	1183.47
190	1183.37
191	1183.46
192	1183.6
193	1183.46
194	1183.45
195	1183.53
196	1183.23
197	1183.98
198	1183.65
199	1182.94
200	1184.06
201	1183.75
202	1184.26
203	1183.66
204	1183.24
205	1183.87
206	1179.22
207	1183.59
208	1184.27
209	1183.46
210	1183.28
211	1179.27
212	1183.96
213	1183.4
214	1178.4
215	1183.43
216	1183.47
217	1179.34
218	1182.95
219	1183.49
220	1183.77
221	1183.54
222	1179.08
223	1183.63
224	1178.94
225	1178.77
226	1178.64
227	1183.44
228	1183.68
229	1183.85
230	1183.33
231	1183.66
232	1178.39
233	1183.75
234	1183.02
235	1183.01
236	1179.25
237	1178.5
238	1183.93
239	1183.37
240	1183.74
241	1183.27
242	1183.2
243	1183.66
244	1183.34
245	1183.76
246	1183.52
247	1183.18
248	1183.96
249	1183.4
250	1183.15
251	1183.06
252	1183.63
253	1183.71
254	1184.03
255	1183.61
256	1183.27
257	1183.29
258	1183.84
259	1183.6
260	1183.35
261	1183.81
262	1183.16
263	1183.94
264	1183.27
265	1183.79
266	1183.38
267	1183.83
268	1184.04
269	1182.89
270	1183.39
271	1183.1
272	1183.35
273	1182.88
274	1183.28
275	1183.92
276	1184.77
277	1182.83
278	1183.13
279	1183.12
280	1179.73
281	1183.52
282	1184.14
283	1183.2
284	1183.67
285	1183.94
286	1183.77
287	1184.04
288	1183.89
289	1183.32
290	1178.87
291	1183.56
292	1183.45
293	1183.6
294	1183.42
295	1183.53
296	1182.99
297	1183.68
298	1183.79
299	1184.28
300	1184.16
301	1184.08
302	1183.8
303	1183.11
304	1183.96
305	1183.87
306	1183.47
307	1183.91
308	1183.44
309	1183.47
310	1183.9
311	1178.83
312	1183.41
313	1183.65
314	1183.8
315	1183.44
316	1182.97
317	1183.44
318	1183.43
319	1183.36
320	1183.71
321	1183.42
322	1183.54
323	1183.67
324	1183.41
325	1179.1
326	1183.9
327	1183.85
328	1183.52
329	1183.81
330	1183.85
331	1183.1
332	1183.33
333	1184.28
334	1183.72
335	1184.04
336	1183.55
337	1183.51
338	1183.87
339	1183.4
340	1183.89
341	1183.79
342	1179.27
343	1183.54
344	1183.54
345	1183.55
346	1178.88
347	1183.55
348	1183.72
349	1183.68
350	1183.8
351	1183.42
352	1179.32
353	1179.13
354	1183.73
355	1178.96
356	1183.58
357	1179.33
358	1183.88
359	1183.59
360	1178.94
361	1183.45
362	1183.51
363	1183.63
364	1183.25
365	1179.13
366	1183.32
367	1183.79
368	1183.43
369	1183.21
370	1183.25
371	1183.53
372	1183.54
373	1183.78
374	1183.57
375	1183.55
376	1183.25
377	1183.66
378	1183.6
379	1183.48
380	1183.66
381	1183.25
382	1183.88
383	1183.74
384	1183.83
385	1183.66
386	1183.72
387	1183.41
388	1183.7
389	1183.77
390	1183.49
391	1183.63
392	1183.65
393	1183.55
394	1183.72
395	1183.76
396	1183.57
397	1183.48
398	1183.71
399	1183.55
400	1183.38
401	1183.66
402	1183.3
403	1183.45
404	1183.52
405	1183.57
406	1183.41
407	1183.78
408	1183.79
409	1183.55
410	1183.56
411	1183.52
412	1183.56
413	1183.62
414	1183.71
415	1183.72
416	1183.6
417	1183.55
418	1183.52
419	1183.43
420	1183.69
421	1183.83
422	1183.53
423	1183.55
424	1183.64
425	1183.81
426	1183.75
427	1183.57
428	1183.85
429	1183.77
430	1183.53
431	1183.77
432	1183.36
433	1183.47
434	1183.61
435	1183.37
436	1183.65
437	1183.47
438	1183.57
439	1183.48
440	1183.58
441	1183.74
442	1183.52
443	1183.46
444	1183.3
445	1183.49
446	1183.71
447	1183.78
448	1183.56
449	1183.74
450	1183.72
451	1183.63
452	1183.5
453	1183.51
454	1183.68
455	1183.56
456	1183.53
457	1183.65
458	1183.66
459	1183.58
460	1183.68
461	1183.45
462	1183.71
463	1183.58
464	1183.56
465	1183.41
466	1183.65
467	1183.4
468	1183.48
469	1183.69
470	1183.54
471	1183.72
472	1183.55
473	1183.66
474	1183.62
475	1183.42
476	1183.31
477	1183.65
478	1183.69
479	1183.66
480	1183.23
481	1183.3
482	1183.75
483	1183.27
484	1183.67
485	1183.41
486	1183.36
487	1184.08
488	1183.75
489	1183.82
490	1183.45
491	1183.52
492	1183.61
493	1183.73
494	1183.32
495	1184.02
496	1183.45
497	1183.68
498	1183.95
499	1183.44
500	1183.64
501	1183.49
502	1183.58
503	1183.62
504	1183.77
505	1183.54
506	1183.59
507	1183.72
508	1183.48
509	1183.44
510	1183.92
511	1183.78
512	1183.35
513	1183.61
514	1183.49
515	1183.75
516	1183.68
517	1183.49
518	1183.6
519	1183.74
520	1183.65
521	1183.35
522	1183.48
523	1183.6
524	1183.52
525	1183.75
526	1183.56
527	1183.61
528	1183.52
529	1183.77
530	1184.09
531	1183.48
532	1183.73
533	1183.95
534	1183.65
535	1183.6
536	1183.92
537	1183.57
538	1183.06
539	1184.18
540	1183.7
541	1183.64
542	1183.32
543	1183.73
544	1183.56
545	1183.9
546	1183.95
547	1183.33
548	1183.61
549	1183.75
550	1183.44
551	1183.88
552	1183.82
553	1183.72
554	1183.82
555	1183.63
556	1183.51
557	1183.69
558	1183.43
559	1183.73
560	1183.39
561	1183.81
562	1183.37
563	1183.54
564	1183.73
565	1183.64
566	1183.53
567	1183.78
568	1183.34
569	1183.48
570	1183.63
571	1183.28
572	1183.27
573	1183.39
574	1183.57
575	1183.67
576	1183.89
577	1183.46
578	1184.1
579	1183.59
580	1183.93
581	1183.92
582	1183.53
583	1183.7
584	1183.52
585	1183.58
586	1183.62
587	1183.8
588	1183.63
589	1183.72
590	1183.56
591	1183.71
592	1183.56
593	1183.46
594	1183.43
595	1183.79
596	1183.82
597	1183.88
598	1183.69
599	1183.59
600	1183.79
601	1183.73
602	1183.6
603	1183.55
604	1183.61
605	1183.6
606	1183.47
607	1183.61
608	1183.61
609	1183.59
610	1183.54
611	1183.53
612	1183.59
613	1183.43
614	1183.49
615	1183.61
616	1183.52
617	1183.65
618	1183.62
619	1183.59
620	1183.43
621	1183.72
622	1183.43
623	1183.36
624	1183.58
625	1183.56
626	1183.64
627	1183.57
628	1183.58
629	1183.68
630	1183.69
631	1183.52
632	1183.64
633	1183.6
634	1183.74
635	1183.49
636	1183.43
637	1183.65
638	1183.63
639	1183.61
640	1183.51
641	1183.63
642	1183.58
643	1183.74
644	1183.5
645	1183.62
646	1183.57
647	1183.57
648	1183.61
649	1183.57
650	1183.7
651	1183.47
652	1183.62
653	1183.59
654	1183.51
655	1183.59
656	1183.58
657	1183.7
658	1183.59
659	1183.61
660	1183.64
661	1183.68
662	1183.62
663	1183.62
664	1183.63
665	1183.63
666	1183.59
667	1183.61
668	1183.6
669	1183.62
670	1183.58
671	1183.64
672	1183.51
673	1183.6
674	1183.59
675	1183.57
676	1183.57
677	1183.65
678	1183.61
679	1183.61
680	1183.6
681	1183.56
682	1183.6
683	1183.6
684	1183.59
685	1183.61
686	1183.61
687	1183.57
688	1183.61
689	1183.51
690	1183.63
691	1183.59
692	1183.58
693	1183.59
694	1183.58
695	1183.6
696	1183.61
697	1183.59
698	1183.6
699	1183.64
700	1183.74
701	1183.57
702	1183.6
703	1183.68
704	1183.56
705	1183.6
706	1183.69
707	1183.55
708	1183.54
709	1183.59
710	1183.57
711	1183.57
712	1183.58
713	1183.61
714	1183.64
715	1183.56
716	1183.64
717	1183.58
718	1183.58
719	1183.62
720	1183.6
721	1183.57
722	1183.56
723	1183.6
724	1183.58
725	1183.6
726	1183.57
727	1183.62
728	1183.6
729	1183.61
730	1183.57
731	1183.6
732	1183.56
733	1183.6
734	1183.6
735	1183.58
736	1183.55
737	1183.61
738	1183.61
739	1183.6
740	1183.63
741	1183.59
742	1183.57
743	1183.61
744	1183.56
745	1183.59
746	1183.6
747	1183.62
748	1183.58
749	1183.55
750	1183.59
751	1183.59
752	1183.58
753	1183.58
754	1183.63
755	1183.6
756	1183.63
757	1183.66
758	1183.57
759	1183.61
760	1183.62
761	1183.59
762	1183.57
763	1183.62
764	1183.63
765	1183.62
766	1183.61
767	1183.57
768	1183.56
769	1183.59
770	1183.58
771	1183.56
772	1183.56
773	1183.57
774	1183.57
775	1183.59
776	1183.62
777	1183.62
778	1183.63
779	1183.59
780	1183.61
781	1183.6
782	1183.6
783	1183.55
784	1183.64
785	1183.6
786	1183.6
787	1183.58
788	1183.6
789	1183.58
790	1183.6
791	1183.6
792	1183.6
793	1183.6
794	1183.53
795	1183.61
