Frame	Volume
1	1331.01
2	1331.01
3	1331.01
4	1331.01
5	1331.01
6	1331.01
7	1331.01
8	1331.01
9	1331.01
10	1331.01
11	1331.01
12	1331.01
13	1331.01
14	1331.01
15	1331.01
16	1330.93
17	1331.01
18	1331
19	1330.94
20	1331.08
21	1331
22	1395.48
23	1313.96
24	1403.59
25	1331.01
26	1331.01
27	1331.01
28	1361.5
29	1326.17
30	1349.36
31	1331.01
32	1331.01
33	1331.01
34	1331.01
35	1331.01
36	1331.01
37	1335.77
38	1331.67
39	1331.11
40	1331.01
41	1331.01
42	1331.01
43	1331.01
44	1331.01
45	1331.01
46	1331.01
47	1331.01
48	1331.01
49	1331.01
50	1331.01
51	1331.01
52	1331.01
53	1331.01
54	1331.01
55	1331.01
56	1331.01
57	1331.01
58	1331.11
59	1331.1
60	1331.19
61	1346.96
62	1247.62
63	1360.57
64	1334.1
65	1325.88
66	1331.3
67	1297.51
68	1342.09
69	1352.79
70	1331.01
71	1331.01
72	1331.01
73	1333.88
74	1348.24
75	1366.87
76	1331.01
77	1331.01
78	1331.01
79	1331.01
80	1331.01
81	1331.01
82	1261.37
83	1345.05
84	1361.11
85	1291.99
86	1336.84
87	1304.98
88	1317.26
89	1332.65
90	1369.06
91	1334.41
92	1332.63
93	1324.17
94	1297.56
95	1295.93
96	1367.85
97	1332.88
98	1324.05
99	1329.07
100	1331.01
101	1331.01
102	1331.01
103	1331.01
104	1331.01
105	1331.01
106	1331.01
107	1331.01
108	1331.01
109	1331.01
110	1331.01
111	1331.01
112	1331.01
113	1331.01
114	1331.01
115	1331.01
116	1331.01
117	1331.01
118	1331.01
119	1331.01
120	1331.01
121	1331.01
122	1331.01
123	1331.01
124	1331.01
125	1331.01
126	1331.01
127	1331.01
128	1331.01
129	1331.01
130	1331.01
131	1331.01
132	1331.01
133	1319.5
134	1331.82
135	1294.81
136	1330.85
137	1330.99
138	1334.28
139	1315.34
140	1333.37
141	1267.26
142	1329.39
143	1294.59
144	1270.13
145	1376.29
146	1362.29
147	1376.92
148	1351.32
149	1266.63
150	1302.31
151	1335.28
152	1337.22
153	1328.62
154	1326.97
155	1332.4
156	1323.8
157	1331.11
158	1331.02
159	1331.25
160	1363.9
161	1232.18
162	1283.1
163	1331.01
164	1331.01
165	1331.01
166	1322.18
167	1325.34
168	1316.3
169	1331.01
170	1331.01
171	1331.01
172	1332.24
173	1326.78
174	1330.94
175	1331.01
176	1331.01
177	1331.01
178	1331.01
179	1331.01
180	1331.01
181	1331.01
182	1331.01
183	1331.01
184	1331.01
185	1331.01
186	1331.01
187	1331.01
188	1331.01
189	1331.01
190	1331.76
191	1330.58
192	1330.69
193	1331.01
194	1331.01
195	1331.01
196	1331.01
197	1331.01
198	1331.01
199	1331.01
200	1331.01
201	1331.01
202	1331.01
203	1331.01
204	1331.01
205	1331.01
206	1331.01
207	1331.01
208	1331.01
209	1331.01
210	1331.01
211	1331.01
212	1331.01
213	1331.01
214	1331.01
215	1331.01
216	1331.01
217	1331.3
218	1331.34
219	1331.32
220	1327.63
221	1328.89
222	1343.2
223	1331.11
224	1332.16
225	1330.78
226	1342.27
227	1313.33
228	1344.07
229	1331.01
230	1331.01
231	1331.01
232	1330.39
233	1331.03
234	1335.29
235	1331.1
236	1330.72
237	1331
238	1319.09
239	1325.77
240	1343.7
241	1325.1
242	1303.49
243	1346.72
244	1326.3
245	1301.92
246	1338.27
247	1330.25
248	1335.04
249	1330.61
250	1321.44
251	1360.93
252	1348.65
253	1325.77
254	1333.65
255	1331.14
256	1331.01
257	1331.01
258	1331.01
259	1331.01
260	1331.01
261	1331.01
262	1327.66
263	1331.07
264	1333.97
265	1331.05
266	1331.08
267	1331
268	1331.01
269	1331.01
270	1331.01
271	1331.01
272	1331.01
273	1331.01
274	1331.01
275	1331.01
276	1331.01
277	1331.01
278	1331.01
279	1331.01
280	1331.01
281	1331.01
282	1331.01
283	1331.01
284	1331.01
285	1331.01
286	1331.01
287	1331.01
288	1331.01
289	1331.01
290	1331.01
291	1331.01
292	1331.01
293	1331.01
294	1331.01
295	1331.01
296	1331.01
297	1331.01
298	1331.01
299	1331.01
300	1331.01
301	1331.01
302	1331.01
303	1331.01
304	1331.01
305	1331.01
306	1331.01
307	1331.01
308	1331.01
309	1331.01
310	1331.01
311	1331.01
312	1331.01
313	1331.01
314	1331.01
315	1331.01
316	1331.01
317	1331.01
318	1331.01
319	1256.11
320	1382.5
321	1286.15
322	1331.01
323	1331.01
324	1331.01
325	1331.01
326	1331.01
327	1331.01
328	1331.01
329	1331.01
330	1331.01
331	1331.01
332	1331.01
333	1331.01
334	1331.01
335	1331.01
336	1331.01
337	1331.01
338	1331.01
339	1331.01
340	1331.01
341	1331.01
342	1331.01
343	1331.01
344	1331.01
345	1331.01
346	1331.01
347	1331.01
348	1331.01
349	1331.01
350	1331.01
351	1331.01
352	1331.01
353	1331.01
354	1331.01
355	1331.01
356	1331.01
357	1331.01
358	1331.01
359	1331.01
360	1331.01
361	1331.01
362	1331.01
363	1331.01
364	1325.67
365	1340.85
366	1339.69
367	1331.01
368	1331.01
369	1331.01
370	1310.19
371	1340.06
372	1338.99
373	1331.01
374	1331.01
375	1331.01
376	1311.43
377	1346.76
378	1356.23
379	1307.34
380	1338.69
381	1358.18
382	1308.5
383	1396.87
384	1338.54
385	1307.82
386	1366.7
387	1330.34
388	1331.58
389	1330.52
390	1330.69
391	1334.58
392	1384.57
393	1338.64
394	1331.01
395	1331.01
396	1331.01
397	1331.01
398	1331.01
399	1331.01
400	1331.01
401	1331.01
402	1331.01
403	1331.01
404	1331.01
405	1331.01
406	1331.01
407	1331.01
408	1331.01
409	1331.01
410	1331.01
411	1331.01
412	1331.01
413	1331.01
414	1331.01
415	1331.01
416	1331.01
417	1331.01
418	1331.01
419	1331.01
420	1331.01
421	1331.01
422	1331.01
423	1331.01
424	1331.01
425	1331.01
426	1331.01
427	1331.01
428	1331.01
429	1331.01
430	1332.63
431	1336.62
432	1328.68
433	1330.46
434	1330.55
435	1330.55
436	1447.94
437	1270.25
438	1366.43
439	1318.48
440	1346.36
441	1281.65
442	1378.15
443	1366.2
444	1362.59
445	1286.44
446	1271.09
447	1259.51
448	1331.01
449	1331.01
450	1331.01
451	1331.01
452	1331.01
453	1331.01
454	1331.01
455	1331.01
456	1331.01
457	1331.26
458	1326.45
459	1332.38
460	1331.01
461	1331.01
462	1331.01
463	1330.96
464	1343.92
465	1345.51
466	1331.01
467	1331.01
468	1331.01
469	1449.93
470	1295.3
471	1384.25
472	1331.01
473	1331.01
474	1331.01
475	1331.01
476	1331.01
477	1331.01
478	1331.01
479	1331.01
480	1331.01
481	1331.01
482	1331.01
483	1331.01
484	1331.01
485	1331.01
486	1331.01
487	1331.01
488	1331.01
489	1331.01
490	1331.01
491	1331.01
492	1331.01
493	1331.01
494	1331.01
495	1331.01
496	1331.01
497	1331.01
498	1331.01
499	1331.01
500	1331.01
501	1331.01
502	1331.01
503	1331.01
504	1331.01
505	1331.01
506	1331.01
507	1331.01
508	1331.01
509	1331.01
510	1331.01
511	1331.01
512	1331.01
513	1331.01
514	1330.96
515	1331.05
516	1331.12
517	1332.99
518	1348.08
519	1338.67
520	1327.37
521	1334.56
522	1330.43
523	1314.11
524	1349.41
525	1313.59
526	1331.01
527	1331.01
528	1331.01
529	1327.86
530	1335.86
531	1325.53
532	1330.8
533	1332.43
534	1327.25
535	1362.79
536	1356.03
537	1229.18
538	1341.28
539	1333.93
540	1324.65
541	1331.49
542	1333.48
543	1338.77
544	1331.13
545	1330.86
546	1330.7
547	1320.44
548	1384.49
549	1342.28
550	1330.9
551	1331.01
552	1331.08
553	1331.01
554	1331.01
555	1331.01
556	1324.04
557	1325.56
558	1325.91
559	1327.09
560	1332.76
561	1328.44
562	1331.28
563	1331.15
564	1331.06
565	1331.01
566	1331.01
567	1331.01
568	1331.01
569	1331.01
570	1331.01
571	1331.01
572	1331.01
573	1331.01
574	1331.01
575	1331.01
576	1331.01
577	1331.01
578	1331.01
579	1331.01
580	1331.01
581	1331.01
582	1331.01
583	1331.01
584	1331.01
585	1331.01
586	1331.01
587	1331.01
588	1331.01
589	1331.01
590	1331.01
591	1331.01
592	1331.01
593	1331.01
594	1331.01
