Frame	Volume
1	1592.01
2	1669.75
3	1633.91
4	1622.39
5	1637.49
6	1639.45
7	1645.61
8	1641.79
9	1631.32
10	1637.01
11	1636.95
12	1635.54
13	1633.32
14	1639.29
15	1633.42
16	1641.04
17	1641.16
18	1639.42
19	1637.98
20	1638.82
21	1637.25
22	1636.94
23	1637.78
24	1640.36
25	1639.03
26	1637.21
27	1641.02
28	1638.58
29	1636.21
30	1639.51
31	1635.17
32	1637.95
33	1637.31
34	1637.3
35	1641.52
36	1638.25
37	1638.21
38	1637.9
39	1637.45
40	1639.21
41	1634.99
42	1638.62
43	1639.23
44	1636.77
45	1637.4
46	1637.76
47	1638.32
48	1641.1
49	1636.38
50	1639.62
51	1635.4
52	1636.51
53	1636.05
54	1640.13
55	1639.01
56	1638.06
57	1637.22
58	1639.3
59	1637.11
60	1637.79
61	1639.19
62	1639.45
63	1638.14
64	1640.95
65	1636.38
66	1637.69
67	1635.09
68	1637.59
69	1638.46
70	1639.15
71	1640.44
72	1639.69
73	1637.12
74	1638.01
75	1635.74
76	1639.99
77	1636.81
78	1638.59
79	1638.85
80	1638.47
81	1640.85
82	1637.41
83	1639.79
84	1639.15
85	1637.76
86	1639.66
87	1637.95
88	1637.23
89	1638.98
90	1637.2
91	1636.57
92	1636.4
93	1637.12
94	1637.38
95	1638.38
96	1638.03
97	1639.15
98	1637.92
99	1639.73
100	1635.99
101	1637.85
102	1638.16
103	1637.19
104	1640.03
105	1639.52
106	1639.73
107	1638.54
108	1638.97
109	1637.72
110	1638.69
111	1639.42
112	1637.66
113	1638.21
114	1639.38
115	1638.41
116	1637.01
117	1637.33
118	1638.47
119	1638.6
120	1638.66
121	1638.16
122	1637.45
123	1638.21
124	1639.18
125	1638.38
126	1638.48
127	1638.26
128	1638.73
129	1639.18
130	1638.43
131	1636.62
132	1639.26
133	1639.29
134	1637.34
135	1637.89
136	1637.88
137	1638.99
138	1639.05
139	1638.7
140	1638.05
141	1638.2
142	1637.44
143	1638.18
144	1638.84
145	1638.05
146	1639.45
147	1638.21
148	1638.48
149	1638.2
150	1638.28
151	1638.6
152	1637.6
153	1637.39
154	1637.65
155	1638.47
156	1637.9
157	1637.29
158	1638.09
159	1637.56
160	1637.53
161	1637.6
162	1638.45
163	1638.43
164	1637.73
165	1638.67
166	1638.52
167	1638.51
168	1639.28
169	1638.5
170	1637.67
171	1637.66
172	1637.95
173	1637.53
174	1638.58
175	1638.17
176	1637.88
177	1638.04
178	1637.76
179	1638.37
180	1639.37
181	1638.08
182	1638.5
183	1637.71
184	1638.17
185	1638.39
186	1638.05
187	1638.14
188	1638.1
189	1638.84
190	1638.36
191	1638.52
192	1638.37
193	1638.35
194	1638.16
195	1638.3
196	1638.04
197	1637.46
198	1638.21
199	1638.26
200	1638.18
201	1638.2
202	1638
203	1638.66
204	1638.33
205	1638.6
206	1639.22
207	1638.18
208	1639.31
209	1637.53
210	1638.37
211	1638.04
212	1637.78
213	1638.27
214	1638.41
215	1638.02
216	1638.3
217	1638.61
218	1637.82
219	1637.72
220	1637.99
221	1638.49
222	1638.64
223	1637.86
224	1638.02
225	1637.77
226	1638.07
227	1638.61
228	1638.58
229	1638.08
230	1638.16
231	1637.48
232	1638.75
233	1638.33
234	1638.38
235	1638.16
236	1638.15
237	1637.99
238	1638.5
239	1638.09
240	1637.84
241	1638.06
242	1638.42
243	1638.69
244	1638.32
245	1638.42
246	1638.05
247	1638.38
248	1638.44
249	1637.7
250	1638.05
251	1638.3
252	1638.45
253	1638.04
254	1638.68
255	1638
256	1638.45
257	1638.33
258	1638.58
259	1637.99
260	1638.25
261	1638.45
262	1638.39
263	1638.86
264	1637.73
265	1638.07
266	1638.07
267	1638.06
268	1638.26
269	1638.82
270	1638.19
271	1638.18
272	1637.96
273	1637.98
274	1637.87
275	1638.13
276	1638.08
277	1638.14
278	1638.43
279	1637.96
280	1638.36
281	1638.01
282	1638.52
283	1638.23
284	1638.19
285	1638.19
286	1638.36
287	1637.91
288	1638
289	1637.72
290	1638.25
291	1638.35
292	1638.08
293	1638.41
294	1637.93
295	1638.02
296	1638.18
297	1638.05
298	1638.49
299	1638.4
300	1638.14
301	1638.08
302	1638.3
303	1638.43
304	1638.43
305	1638.09
306	1638.11
307	1638.43
308	1638.51
309	1637.75
310	1638.12
311	1637.69
312	1638.22
313	1638.14
314	1638.26
315	1638.54
316	1638.36
317	1638.3
318	1638.42
319	1638.75
320	1638.18
321	1638.55
322	1638.24
323	1638.21
324	1638.25
325	1638.3
326	1638.05
327	1638.13
328	1638
329	1638.31
330	1638.14
331	1637.94
332	1638.38
333	1638.15
334	1638.44
335	1638.08
336	1638.35
337	1638.48
338	1637.69
339	1638.5
340	1637.96
341	1637.82
342	1638.32
343	1638.82
344	1638.11
345	1638.53
346	1638.38
347	1638.05
348	1638.13
349	1638.04
350	1638.36
351	1638.01
352	1638.35
353	1638.09
354	1638.43
355	1638.1
356	1637.82
357	1638.19
358	1637.87
359	1638.17
360	1638.34
361	1638.22
362	1638.19
363	1638.28
364	1638.22
365	1638.05
366	1638.19
367	1637.96
368	1638.05
369	1638.24
370	1638.28
371	1637.86
372	1638.29
373	1638.27
374	1638.31
375	1638.21
376	1638.3
377	1638.19
378	1638.49
379	1638.34
380	1638.01
381	1638.1
382	1637.77
383	1638.36
384	1638.02
385	1638.32
386	1638.04
387	1638.23
388	1638.41
389	1638.4
390	1638.24
391	1638.24
392	1638.21
393	1638.14
394	1638.27
395	1638.08
396	1638.41
397	1637.94
398	1638.38
399	1637.93
400	1638.27
401	1638.43
402	1638.09
403	1637.98
404	1638.39
405	1638.03
406	1638.39
407	1638.03
408	1638.22
409	1638.27
410	1637.97
411	1638.03
412	1638.15
413	1638.07
414	1638.09
415	1638.31
416	1637.88
417	1638.25
418	1638.29
419	1638.17
420	1638.27
421	1638.16
422	1638.21
423	1638.1
424	1638.2
425	1638.11
426	1638.14
427	1638.18
428	1638.22
429	1638.17
430	1638.16
431	1638.19
432	1637.97
433	1638.36
434	1638.21
435	1638
436	1637.98
437	1638.37
438	1638.17
439	1638.31
440	1638.08
441	1638.17
442	1638.25
443	1638.27
444	1638.32
445	1637.93
446	1638.31
447	1638.12
448	1638.08
449	1638.05
450	1638.29
451	1638.14
452	1638.43
453	1638.15
454	1638.26
455	1638.2
456	1638.18
457	1638.32
458	1638.2
459	1638.17
460	1638.04
461	1638.26
462	1638.21
463	1638.18
464	1638.23
465	1638.3
466	1638.02
467	1638.2
468	1638.25
469	1638.44
470	1638.26
471	1638.33
472	1637.97
473	1638.14
474	1638.02
475	1638.09
476	1638.14
477	1638.36
478	1638.29
479	1638.21
480	1638.24
481	1638.24
482	1638
483	1638.06
484	1638.14
485	1638.36
486	1638.25
487	1638.17
488	1638.15
489	1638.2
490	1638.15
491	1638.25
492	1638.2
493	1638.15
494	1638.12
495	1638.21
496	1638.26
497	1638.18
498	1638.13
499	1638.14
500	1638.21
501	1638.17
502	1638.19
503	1638.21
504	1638.17
505	1638.32
506	1638.04
507	1638.13
508	1638.24
509	1638.24
510	1638.22
511	1638.05
512	1638.29
513	1638.26
514	1638.32
515	1638.2
516	1638.22
517	1638.19
518	1638.19
519	1638.12
520	1638.19
521	1638.22
522	1638.16
523	1638.19
524	1638.13
525	1638.29
526	1638.18
527	1638.13
528	1638.21
529	1638.19
530	1638.17
531	1638.23
532	1638.2
533	1638.22
534	1638.21
535	1638.21
536	1638.19
537	1638.22
538	1638.19
539	1638.22
540	1638.18
541	1638.25
542	1638.31
543	1638.23
544	1638.22
545	1638.2
546	1638.19
547	1638.17
548	1638.19
549	1638.26
550	1638.16
551	1638.16
552	1638.2
553	1638.15
554	1638.16
555	1638.16
556	1638.12
557	1638.17
558	1638.16
559	1638.25
560	1638.13
561	1638.13
562	1638.25
563	1638.21
564	1638.2
565	1638.27
566	1638.24
567	1638.18
568	1638.24
569	1638.2
570	1638.23
571	1638.17
572	1638.2
573	1638.17
574	1638.2
575	1638.22
576	1638.22
577	1638.19
578	1638.22
579	1638.23
580	1638.24
581	1638.19
582	1638.16
583	1638.19
584	1638.21
585	1638.18
586	1638.16
587	1638.22
588	1638.22
