Frame	Volume
1	1673.87
2	1603.09
3	1639.21
4	1652.72
5	1635.1
6	1632.94
7	1630.44
8	1631.28
9	1641.66
10	1637.48
11	1636.59
12	1640.81
13	1639.69
14	1637.91
15	1638.94
16	1632.01
17	1635.31
18	1637.2
19	1635.01
20	1637.24
21	1639.49
22	1636.33
23	1638.66
24	1636.29
25	1637.39
26	1638.98
27	1635.35
28	1637.92
29	1639.93
30	1637.32
31	1641.41
32	1638.72
33	1639.11
34	1639.03
35	1634.84
36	1638.13
37	1638.2
38	1638.18
39	1635.76
40	1634.32
41	1641.49
42	1637.87
43	1637.12
44	1639.74
45	1639.02
46	1638.54
47	1638.06
48	1635.28
49	1640.03
50	1636.77
51	1640.99
52	1639.94
53	1640.35
54	1636.26
55	1637.38
56	1638.34
57	1639.18
58	1637.14
59	1639.3
60	1638.55
61	1637.21
62	1636.99
63	1638.24
64	1635.67
65	1640.01
66	1638.86
67	1638.24
68	1638.78
69	1637.98
70	1637.22
71	1636.05
72	1636.68
73	1639.25
74	1638.4
75	1640.64
76	1636.41
77	1639.57
78	1637.85
79	1637.54
80	1637.97
81	1635.64
82	1638.95
83	1636.55
84	1637.26
85	1638.63
86	1636.74
87	1638.42
88	1639.23
89	1637.41
90	1639.22
91	1636.81
92	1637.12
93	1636.29
94	1639.03
95	1638.1
96	1638.38
97	1637.24
98	1638.5
99	1636.85
100	1637.3
101	1638.6
102	1635.25
103	1639.3
104	1636.53
105	1636.98
106	1636.72
107	1637.87
108	1637.41
109	1638.67
110	1637.73
111	1637.25
112	1638.73
113	1638.19
114	1637.17
115	1638
116	1639.46
117	1639.19
118	1637.96
119	1637.78
120	1637.73
121	1638.23
122	1638.93
123	1638.23
124	1637.26
125	1638.03
126	1637.91
127	1638.14
128	1637.67
129	1637.33
130	1638.06
131	1639.88
132	1637.15
133	1637.13
134	1639.12
135	1638.51
136	1638.49
137	1637.42
138	1637.35
139	1637.68
140	1638.34
141	1638.21
142	1639.05
143	1638.21
144	1637.57
145	1638.34
146	1636.96
147	1638.19
148	1637.91
149	1638.21
150	1638.14
151	1637.81
152	1638.87
153	1639.01
154	1638.75
155	1637.94
156	1638.49
157	1639.12
158	1638.3
159	1638.84
160	1638.89
161	1638.81
162	1637.94
163	1637.97
164	1638.68
165	1637.73
166	1637.88
167	1637.88
168	1637.14
169	1637.91
170	1638.75
171	1638.75
172	1638.45
173	1638.87
174	1637.81
175	1638.22
176	1638.51
177	1638.36
178	1638.64
179	1638.03
180	1637.04
181	1638.32
182	1637.91
183	1638.68
184	1638.23
185	1638.01
186	1638.35
187	1638.26
188	1638.3
189	1637.56
190	1638.04
191	1637.88
192	1638.03
193	1638.05
194	1638.25
195	1638.1
196	1638.36
197	1638.93
198	1638.19
199	1638.13
200	1638.21
201	1638.2
202	1638.39
203	1637.74
204	1638.08
205	1637.8
206	1637.17
207	1638.21
208	1637.09
209	1638.86
210	1638.04
211	1638.35
212	1638.62
213	1638.13
214	1637.99
215	1638.38
216	1638.1
217	1637.8
218	1638.58
219	1638.68
220	1638.4
221	1637.91
222	1637.76
223	1638.54
224	1638.4
225	1638.62
226	1638.33
227	1637.79
228	1637.82
229	1638.31
230	1638.24
231	1638.92
232	1637.64
233	1638.06
234	1638.01
235	1638.23
236	1638.24
237	1638.4
238	1637.9
239	1638.3
240	1638.55
241	1638.34
242	1637.98
243	1637.71
244	1638.07
245	1637.97
246	1638.35
247	1638.01
248	1637.95
249	1638.69
250	1638.35
251	1638.09
252	1637.95
253	1638.36
254	1637.71
255	1638.4
256	1637.95
257	1638.07
258	1637.82
259	1638.41
260	1638.14
261	1637.95
262	1638
263	1637.54
264	1638.67
265	1638.33
266	1638.33
267	1638.34
268	1638.13
269	1637.58
270	1638.21
271	1638.22
272	1638.44
273	1638.42
274	1638.53
275	1638.27
276	1638.32
277	1638.26
278	1637.96
279	1638.43
280	1638.03
281	1638.38
282	1637.87
283	1638.17
284	1638.2
285	1638.2
286	1638.03
287	1638.48
288	1638.4
289	1638.67
290	1638.14
291	1638.04
292	1638.32
293	1637.99
294	1638.47
295	1638.38
296	1638.22
297	1638.35
298	1637.91
299	1637.99
300	1638.25
301	1638.31
302	1638.09
303	1637.96
304	1637.97
305	1638.3
306	1638.29
307	1637.97
308	1637.89
309	1638.65
310	1638.28
311	1638.71
312	1638.17
313	1638.26
314	1638.13
315	1637.86
316	1638.04
317	1638.1
318	1637.97
319	1637.65
320	1638.22
321	1637.85
322	1638.15
323	1638.18
324	1638.15
325	1638.09
326	1638.35
327	1638.27
328	1638.4
329	1638.09
330	1638.26
331	1638.46
332	1638.02
333	1638.25
334	1637.95
335	1638.31
336	1638.05
337	1637.91
338	1638.71
339	1637.9
340	1638.44
341	1638.57
342	1638.08
343	1637.58
344	1638.29
345	1637.87
346	1638.02
347	1638.35
348	1638.26
349	1638.36
350	1638.04
351	1638.38
352	1638.04
353	1638.31
354	1637.97
355	1638.29
356	1638.58
357	1638.2
358	1638.52
359	1638.23
360	1638.06
361	1638.18
362	1638.21
363	1638.12
364	1638.18
365	1638.35
366	1638.2
367	1638.44
368	1638.34
369	1638.15
370	1638.12
371	1638.54
372	1638.11
373	1638.12
374	1638.09
375	1638.19
376	1638.09
377	1638.21
378	1637.91
379	1638.05
380	1638.39
381	1638.29
382	1638.62
383	1638.03
384	1638.38
385	1638.08
386	1638.35
387	1638.17
388	1637.98
389	1638
390	1638.16
391	1638.15
392	1638.18
393	1638.25
394	1638.13
395	1638.32
396	1637.99
397	1638.46
398	1638.02
399	1638.47
400	1638.13
401	1637.97
402	1638.31
403	1638.42
404	1638
405	1638.37
406	1638.01
407	1638.37
408	1638.17
409	1638.13
410	1638.43
411	1638.37
412	1638.25
413	1638.33
414	1638.31
415	1638.08
416	1638.52
417	1638.15
418	1638.11
419	1638.23
420	1638.13
421	1638.24
422	1638.19
423	1638.29
424	1638.2
425	1638.28
426	1638.25
427	1638.21
428	1638.18
429	1638.23
430	1638.23
431	1638.21
432	1638.43
433	1638.04
434	1638.18
435	1638.4
436	1638.42
437	1638.03
438	1638.22
439	1638.09
440	1638.32
441	1638.23
442	1638.14
443	1638.13
444	1638.08
445	1638.47
446	1638.08
447	1638.28
448	1638.31
449	1638.35
450	1638.1
451	1638.25
452	1637.97
453	1638.24
454	1638.14
455	1638.2
456	1638.21
457	1638.07
458	1638.2
459	1638.22
460	1638.36
461	1638.13
462	1638.19
463	1638.21
464	1638.17
465	1638.09
466	1638.38
467	1638.19
468	1638.14
469	1637.95
470	1638.14
471	1638.07
472	1638.42
473	1638.26
474	1638.38
475	1638.31
476	1638.25
477	1638.04
478	1638.11
479	1638.18
480	1638.15
481	1638.16
482	1638.4
483	1638.33
484	1638.25
485	1638.04
486	1638.15
487	1638.23
488	1638.25
489	1638.2
490	1638.25
491	1638.14
492	1638.19
493	1638.24
494	1638.27
495	1638.19
496	1638.13
497	1638.22
498	1638.26
499	1638.26
500	1638.19
501	1638.23
502	1638.2
503	1638.19
504	1638.23
505	1638.07
506	1638.36
507	1638.26
508	1638.15
509	1638.16
510	1638.18
511	1638.34
512	1638.11
513	1638.14
514	1638.08
515	1638.2
516	1638.18
517	1638.21
518	1638.21
519	1638.28
520	1638.2
521	1638.18
522	1638.24
523	1638.21
524	1638.26
525	1638.11
526	1638.21
527	1638.27
528	1638.18
529	1638.2
530	1638.22
531	1638.17
532	1638.2
533	1638.17
534	1638.19
535	1638.19
536	1638.21
537	1638.18
538	1638.2
539	1638.18
540	1638.22
541	1638.14
542	1638.09
543	1638.16
544	1638.17
545	1638.19
546	1638.21
547	1638.22
548	1638.21
549	1638.14
550	1638.24
551	1638.24
552	1638.2
553	1638.24
554	1638.23
555	1638.24
556	1638.28
557	1638.22
558	1638.23
559	1638.14
560	1638.26
561	1638.26
562	1638.15
563	1638.18
564	1638.2
565	1638.12
566	1638.16
567	1638.22
568	1638.16
569	1638.2
570	1638.16
571	1638.23
572	1638.2
573	1638.22
574	1638.19
575	1638.17
576	1638.18
577	1638.2
578	1638.18
579	1638.17
580	1638.15
581	1638.21
582	1638.24
583	1638.2
584	1638.18
585	1638.21
586	1638.24
587	1638.18
588	1638.17
