Frame	Volume
1	929.067
2	912.033
3	928.864
4	921.593
5	923.137
6	937.528
7	931.088
8	916.356
9	929.707
10	923.544
11	925.776
12	927.784
13	929.626
14	927.515
15	927.017
16	927.818
17	929.415
18	924.266
19	926.801
20	923.444
21	925.658
22	925.695
23	928.666
24	925.793
25	927.193
26	925.212
27	926.777
28	925.486
29	924.009
30	927.238
31	926.578
32	925.314
33	927.721
34	927.363
35	926.06
36	926.58
37	924.672
38	926.348
39	924.882
40	925.606
41	925.805
42	924.915
43	925.968
44	925.343
45	925.473
46	927.073
47	926.099
48	926.034
49	926.019
50	926.945
51	925.374
52	924.469
53	924.922
54	927.537
55	927.345
56	925.74
57	926.754
58	925.743
59	925.304
60	925.455
61	925.063
62	926.159
63	926.243
64	927.706
65	926.345
66	925.431
67	925.58
68	926.477
69	926.417
70	926.197
71	926.281
72	926.314
73	926.958
74	927.101
75	925.149
76	926.415
77	925.317
78	926.584
79	925.908
80	926.986
81	926.109
82	924.931
83	927.324
84	926.398
85	926.311
86	925.316
87	925.061
88	925.847
89	926.681
90	926.477
91	925.754
92	926.373
93	926.258
94	926.16
95	926.62
96	925.705
97	925.728
98	926.351
99	925.603
100	926.196
101	925.742
102	926.115
103	925.874
104	925.871
105	925.702
106	925.696
107	926.982
108	925.828
109	926.325
110	926.522
111	926.387
112	926.318
113	926.424
114	925.835
115	925.746
116	925.963
117	926.188
118	925.907
119	926.302
120	926.098
121	926.427
122	926.183
123	925.662
124	925.306
125	925.839
126	926.343
127	926.015
128	926.14
129	925.766
130	926.822
131	926.008
132	925.472
133	926.184
134	926.404
135	925.669
136	925.962
137	925.521
138	925.964
139	927.026
140	926.335
141	926.308
142	925.87
143	925.898
144	925.884
145	926.347
146	925.655
147	926.008
148	926.12
149	925.974
150	925.67
151	925.87
152	925.986
153	926.399
154	926.077
155	926.744
156	925.976
157	926.475
158	926.104
159	926.683
160	926.482
161	926.316
162	926.903
163	925.533
164	926.295
165	925.95
166	926.503
167	926.195
168	926.02
169	925.893
170	926.641
171	925.993
172	926.438
173	925.995
174	926.888
175	926.403
176	926.086
177	926.223
178	926.101
179	925.927
180	925.848
181	925.933
182	925.728
183	926.018
184	925.946
185	925.977
186	926.264
187	926.122
188	926.099
189	926.268
190	926.225
191	925.867
192	926.065
193	925.886
194	925.787
195	926.058
196	926.302
197	925.597
198	925.753
199	926.126
200	925.955
201	926.348
202	925.501
203	925.913
204	926.311
205	925.385
206	925.722
207	926.139
208	925.912
209	925.981
210	926.062
211	926.165
212	925.755
213	926.167
214	926.349
215	926.121
216	926.092
217	925.824
218	926.241
219	926.071
220	926.099
221	925.974
222	926.03
223	926.068
224	926.268
225	925.974
226	926.389
227	926.283
228	925.728
229	926.015
230	926.427
231	925.955
232	926.255
233	926.133
234	926.174
235	926.243
236	925.935
237	926.276
238	925.91
239	925.981
240	925.906
241	926.237
242	926.148
243	926.06
244	925.875
245	926.004
246	925.493
247	925.858
248	925.655
249	926.218
250	926.375
251	926.618
252	926.303
253	926.16
254	926.034
255	926.238
256	925.956
257	926.065
258	925.635
259	925.61
260	926.416
261	925.971
262	926.376
263	925.823
264	926.243
265	925.627
266	926.348
267	925.652
268	925.483
269	926.705
270	926.041
271	926.478
272	926.063
273	926.454
274	926.61
275	925.686
276	925.515
277	926.937
278	926.681
279	926.162
280	925.669
281	926.249
282	925.813
283	926.406
284	925.879
285	925.604
286	925.79
287	925.859
288	925.731
289	926.207
290	926.111
291	926.237
292	926.032
293	925.889
294	926.308
295	925.988
296	926.209
297	925.842
298	925.815
299	925.626
300	925.823
301	925.957
302	925.81
303	926.258
304	925.806
305	925.878
306	926.171
307	925.983
308	926.116
309	926.214
310	925.837
311	925.945
312	926.184
313	925.943
314	925.96
315	926.118
316	926.325
317	926.058
318	926.453
319	926.198
320	926.188
321	926.231
322	926.052
323	925.947
324	926.084
325	926.159
326	926.057
327	925.994
328	926.183
329	925.893
330	926.027
331	926.037
332	926.211
333	925.605
334	926.038
335	925.885
336	926.156
337	926.008
338	926.173
339	926.091
340	926.001
341	926.174
342	925.813
343	926.05
344	925.999
345	925.948
346	926.056
347	926.057
348	926.116
349	925.989
350	926.056
351	926.08
352	925.889
353	926.12
354	926.06
355	926.008
356	926.087
357	926.008
358	926.006
359	926.122
360	926.022
361	926.211
362	926.192
363	926.041
364	926.095
365	925.964
366	926.227
367	926.009
368	926.01
369	926.158
370	926.133
371	926.089
372	925.859
373	925.955
374	925.962
375	926.143
376	926.247
377	925.986
378	925.97
379	925.938
380	926.085
381	926.232
382	925.876
383	925.979
384	926.117
385	926.153
386	926.006
387	926.047
388	925.88
389	926.026
390	926.009
391	926.063
392	926.146
393	926.177
394	925.95
395	926.055
396	926.076
397	926.25
398	925.907
399	926.059
400	926.169
401	926.162
402	926.32
403	926.102
404	926.144
405	926.109
406	926.144
407	926.094
408	926.114
409	925.992
410	926.048
411	926.113
412	926.097
413	926.072
414	925.958
415	925.992
416	926.158
417	926.184
418	926.003
419	926.152
420	925.925
421	925.915
422	926.071
423	926.156
424	925.962
425	925.951
426	925.959
427	925.92
428	925.923
429	925.923
430	926.147
431	926.057
432	926.045
433	926.183
434	925.881
435	926.189
436	926.039
437	926.073
438	925.951
439	926.262
440	926.108
441	925.96
442	926.076
443	926.268
444	926.104
445	926.192
446	926.024
447	925.99
448	926.068
449	925.901
450	926.013
451	926.149
452	926.013
453	926.074
454	925.973
455	926.036
456	926.186
457	926.079
458	926.055
459	926.101
460	926.003
461	926.184
462	926.02
463	926.244
464	925.963
465	926.185
466	925.954
467	926.187
468	926.226
469	926.019
470	926.255
471	925.95
472	926.11
473	925.925
474	925.915
475	926.307
476	926.182
477	926.113
478	926.074
479	926.021
480	926.068
481	926.249
482	925.912
483	926.333
484	925.983
485	926.151
486	926.172
487	925.851
488	926.09
489	925.893
490	926.224
491	926.105
492	926.022
493	926.139
494	926.135
495	925.69
496	926.264
497	925.968
498	926.117
499	926.125
500	925.979
501	926.055
502	926.165
503	925.981
504	925.948
505	926.179
506	926.098
507	925.995
508	926.169
509	926.272
510	925.932
511	925.946
512	926.224
513	926.071
514	926.161
515	926.082
516	925.883
517	926.155
518	926.083
519	925.939
520	926.096
521	925.98
522	926.1
523	926.104
524	926.028
525	926.037
526	926.056
527	926.055
528	926.029
529	925.985
530	925.68
531	926.219
532	925.871
533	925.855
534	925.97
535	926.01
536	925.873
537	926.123
538	926.257
539	925.783
540	926.196
541	926.022
542	926.135
543	925.888
544	926.209
545	925.715
546	925.855
547	926.142
548	925.941
549	925.927
550	926.287
551	925.767
552	925.864
553	926.026
554	925.743
555	926.032
556	926.132
557	925.998
558	926.181
559	925.974
560	926.241
561	925.9
562	926.187
563	926.124
564	925.971
565	926.008
566	925.999
567	925.964
568	926.185
569	926.13
570	926.072
571	926.297
572	926.341
573	926.119
574	926.062
575	926.052
576	925.918
577	926.125
578	925.666
579	926.061
580	925.91
581	925.878
582	926.014
583	925.993
584	926.071
585	926.145
586	926.003
587	925.979
588	925.989
589	925.941
590	926.196
591	925.982
592	926.118
593	926.115
594	926.024
595	925.969
596	925.966
597	925.909
598	925.992
599	926.098
600	926.031
601	926.004
602	926.079
603	926.07
604	926.03
605	926.047
606	926.124
607	926.049
608	925.915
609	926.062
610	926.043
611	926.152
612	925.952
613	926.204
614	926.088
615	926.013
616	926.096
617	926.133
618	926.079
619	926.062
620	926.186
621	925.897
622	926.258
623	926.197
624	926.039
625	926.101
626	926.013
627	926.033
628	926.023
629	925.977
630	926.052
631	926.138
632	925.995
633	926.01
634	925.927
635	926.138
636	926.142
637	925.968
638	926.068
639	926.089
640	925.99
641	926.097
642	926.078
643	926.138
644	926.067
645	926.046
646	925.983
647	926.245
648	926.037
649	926.061
650	926.025
651	926.184
652	926.177
653	926.079
654	926.232
655	926.219
656	926.092
657	926.044
658	926.05
659	926.013
660	925.917
661	925.988
662	926.058
663	926.042
664	926.045
665	926.015
666	926.064
667	926.059
668	926.037
669	926.072
670	926.051
671	926.01
672	926.1
673	926.056
674	926.067
675	926.083
676	926.048
677	926.03
678	926.081
679	925.981
680	926.01
681	926.079
682	926.057
683	926.056
684	926.064
685	926.056
686	926.052
687	926.093
688	926.015
689	926.163
690	925.968
691	926.066
692	926.051
693	926.047
694	926.005
695	926.034
696	926.063
697	926.091
698	926.107
699	926.081
700	925.923
701	925.999
702	926.08
703	926.06
704	926.04
705	926.036
706	926.045
707	926.013
708	926.057
709	925.998
710	926.05
711	926.077
712	926.005
713	926.042
714	926.119
715	926.073
716	926.102
717	926.031
718	926.028
719	926.021
720	926.059
721	926.033
722	926.044
723	926.059
724	926.01
725	926.054
726	926.059
727	926.056
728	926.054
729	926.091
730	926.041
731	926.059
732	926.071
733	926.047
734	926.07
735	926.071
736	926.044
737	926.09
738	926.1
739	926.039
740	926.072
741	926.069
742	926.038
743	926.035
744	926.023
745	926.059
746	926.047
747	926.054
748	926.062
749	926.016
750	926.059
751	926.062
752	926.066
753	926.09
754	926.047
755	926.08
756	926.05
757	926.053
758	926.037
759	926.043
760	926.059
761	926.074
762	926.05
763	926.047
764	926.052
765	926.07
766	926.041
767	926.035
768	926.077
769	926.071
770	926.052
771	926.071
772	926.086
773	926.056
774	926.054
775	926.059
776	926.072
777	926.047
778	926.057
779	926.05
780	926.032
781	926.064
782	926.06
783	926.084
784	926.038
785	926.057
786	926.059
787	926.069
788	926.059
789	926.063
790	926.059
791	926.059
792	926.059
793	926.059
794	926.123
795	926.044
