Frame	Volume
1	1000.15
2	1060.47
3	1036.34
4	1040.35
5	1034.46
6	1029.93
7	1027.17
8	1044.29
9	1029.42
10	1038.86
11	1036.73
12	1035.16
13	1033.88
14	1031.36
15	1032.59
16	1034.07
17	1031.74
18	1030.38
19	1031.31
20	1038.37
21	1036.91
22	1033.66
23	1033.06
24	1036.28
25	1034.83
26	1036.04
27	1031.14
28	1035.32
29	1037.99
30	1036.28
31	1034.83
32	1038.06
33	1035.25
34	1029.86
35	1031.11
36	1034.57
37	1036.75
38	1030.37
39	1037.03
40	1037.28
41	1036.05
42	1037.76
43	1031.42
44	1032.41
45	1037.47
46	1036.33
47	1036.54
48	1034.76
49	1037.23
50	1035.72
51	1036.93
52	1032.64
53	1037.56
54	1034.8
55	1036.01
56	1036.42
57	1036
58	1036.28
59	1031.38
60	1037.06
61	1037.42
62	1031.76
63	1036.6
64	1030.03
65	1037.41
66	1037.51
67	1037.77
68	1031.27
69	1036.6
70	1035.36
71	1036.99
72	1036.22
73	1036.58
74	1030.36
75	1036.8
76	1037.07
77	1037.95
78	1035.92
79	1035.49
80	1036.29
81	1036.54
82	1031.67
83	1036.06
84	1036.69
85	1037.08
86	1037.51
87	1037.02
88	1037.07
89	1036.4
90	1036.42
91	1036.79
92	1036.57
93	1036.32
94	1036.96
95	1036.73
96	1035.52
97	1037.37
98	1036.29
99	1036.8
100	1036.62
101	1036.97
102	1037.1
103	1035.77
104	1036.98
105	1036.14
106	1037.05
107	1036.4
108	1036.82
109	1036.22
110	1036.51
111	1035.77
112	1037.07
113	1036.66
114	1037.07
115	1037.35
116	1037.04
117	1036.25
118	1036.61
119	1035.7
120	1036.68
121	1036.57
122	1036.9
123	1037.08
124	1037.1
125	1037.06
126	1036.73
127	1036.93
128	1037.05
129	1036.99
130	1036.48
131	1036.98
132	1037.1
133	1037
134	1037.01
135	1036.62
136	1035.71
137	1037.44
138	1035.75
139	1036.58
140	1036.97
141	1037
142	1037.05
143	1036.76
144	1031.22
145	1037.09
146	1037.75
147	1036.87
148	1036.69
149	1036.66
150	1037.47
151	1037
152	1036.71
153	1036.63
154	1036.88
155	1036.74
156	1037
157	1035.8
158	1036.55
159	1035.54
160	1036.74
161	1035.89
162	1036.5
163	1036.65
164	1035.73
165	1036.99
166	1036.86
167	1036.9
168	1036.96
169	1036.97
170	1036.59
171	1037.08
172	1036.23
173	1036.9
174	1035.9
175	1036.94
176	1036.81
177	1036.56
178	1035.59
179	1036.81
180	1036.7
181	1036.87
182	1037.04
183	1036.87
184	1036.93
185	1037.07
186	1036.78
187	1036.92
188	1036.9
189	1036.63
190	1037.12
191	1036.7
192	1037.01
193	1037.02
194	1037.04
195	1036.52
196	1036.44
197	1037.08
198	1036.83
199	1036.31
200	1036.88
201	1036.78
202	1037.4
203	1036.88
204	1036.7
205	1037.29
206	1035.89
207	1036.7
208	1037.33
209	1036.95
210	1036.29
211	1035.99
212	1037.09
213	1036.97
214	1035.41
215	1037.1
216	1036.75
217	1036.1
218	1036.47
219	1036.92
220	1036.83
221	1036.86
222	1035.75
223	1036.68
224	1035.87
225	1035.71
226	1035.51
227	1036.78
228	1036.93
229	1036.98
230	1036.6
231	1037.18
232	1035.52
233	1036.73
234	1036.69
235	1036.72
236	1035.81
237	1035.43
238	1037.36
239	1037
240	1037.13
241	1036.56
242	1036.63
243	1036.82
244	1036.77
245	1036.91
246	1036.95
247	1036.5
248	1036.96
249	1036.9
250	1036.8
251	1036.25
252	1036.95
253	1036.81
254	1037.13
255	1036.58
256	1036.6
257	1036.81
258	1037.02
259	1036.91
260	1036.71
261	1036.98
262	1036.48
263	1036.97
264	1036.65
265	1036.63
266	1036.66
267	1037.03
268	1037.26
269	1036.45
270	1036.82
271	1036.57
272	1036.45
273	1036.62
274	1036.68
275	1037.04
276	1037.21
277	1036.73
278	1036.53
279	1036.77
280	1036.15
281	1036.72
282	1037.01
283	1036.97
284	1036.7
285	1036.9
286	1037.1
287	1037.29
288	1037.06
289	1036.52
290	1035.72
291	1036.79
292	1031.25
293	1036.82
294	1036.68
295	1036.68
296	1036.15
297	1036.87
298	1037.22
299	1037.31
300	1037.14
301	1036.98
302	1036.89
303	1036.69
304	1036.92
305	1037
306	1036.6
307	1037.04
308	1036.73
309	1036.76
310	1036.96
311	1035.57
312	1036.56
313	1036.8
314	1036.98
315	1036.84
316	1036.55
317	1036.8
318	1036.72
319	1036.89
320	1036.83
321	1036.53
322	1036.78
323	1036.94
324	1036.89
325	1035.84
326	1037.05
327	1037.05
328	1036.64
329	1036.97
330	1037
331	1036.6
332	1036.59
333	1037.37
334	1036.93
335	1037.19
336	1036.74
337	1036.81
338	1037.05
339	1036.72
340	1037.09
341	1037.11
342	1036.09
343	1036.81
344	1036.89
345	1036.85
346	1036.03
347	1036.75
348	1036.99
349	1036.98
350	1036.91
351	1036.71
352	1036.03
353	1035.84
354	1036.92
355	1035.76
356	1036.76
357	1035.87
358	1036.92
359	1036.95
360	1035.84
361	1036.75
362	1036.9
363	1036.78
364	1036.62
365	1035.91
366	1036.68
367	1037.03
368	1036.86
369	1036.66
370	1036.72
371	1036.78
372	1036.85
373	1037
374	1036.74
375	1036.88
376	1036.92
377	1036.92
378	1036.9
379	1036.76
380	1036.87
381	1036.61
382	1036.89
383	1037.11
384	1037.01
385	1036.92
386	1036.91
387	1036.64
388	1036.94
389	1037.06
390	1036.71
391	1036.91
392	1037.02
393	1036.85
394	1036.9
395	1036.89
396	1036.88
397	1036.97
398	1036.8
399	1036.7
400	1036.72
401	1036.88
402	1036.77
403	1036.7
404	1036.74
405	1036.66
406	1036.75
407	1036.98
408	1036.85
409	1036.8
410	1036.81
411	1036.93
412	1036.99
413	1036.9
414	1036.98
415	1036.98
416	1036.87
417	1036.85
418	1036.84
419	1036.88
420	1036.87
421	1037.12
422	1036.82
423	1036.86
424	1036.89
425	1036.99
426	1036.85
427	1036.77
428	1036.88
429	1036.91
430	1036.79
431	1037.07
432	1036.7
433	1036.99
434	1036.74
435	1036.81
436	1036.85
437	1036.83
438	1036.8
439	1036.88
440	1036.94
441	1036.94
442	1036.8
443	1036.92
444	1036.83
445	1036.81
446	1036.89
447	1036.86
448	1036.83
449	1036.93
450	1036.89
451	1036.95
452	1036.82
453	1036.8
454	1036.89
455	1036.9
456	1036.86
457	1036.9
458	1036.88
459	1036.88
460	1036.93
461	1036.83
462	1036.91
463	1036.9
464	1036.9
465	1036.82
466	1036.87
467	1036.84
468	1036.8
469	1036.97
470	1036.84
471	1037
472	1036.83
473	1036.8
474	1036.93
475	1036.83
476	1036.67
477	1036.95
478	1037.01
479	1036.9
480	1036.72
481	1036.73
482	1036.97
483	1036.73
484	1036.88
485	1036.84
486	1036.73
487	1037.14
488	1036.93
489	1037
490	1036.87
491	1036.88
492	1036.9
493	1036.95
494	1036.75
495	1037.03
496	1036.84
497	1036.92
498	1037.1
499	1036.76
500	1036.88
501	1036.81
502	1036.87
503	1036.92
504	1036.91
505	1036.84
506	1036.9
507	1036.92
508	1036.77
509	1036.75
510	1037.05
511	1036.96
512	1036.69
513	1036.84
514	1036.76
515	1036.93
516	1037.04
517	1036.83
518	1036.86
519	1037.02
520	1036.84
521	1036.75
522	1036.76
523	1036.86
524	1036.77
525	1036.89
526	1036.84
527	1036.79
528	1036.84
529	1037.02
530	1037.16
531	1036.83
532	1037
533	1037.03
534	1036.82
535	1036.87
536	1036.96
537	1036.8
538	1036.68
539	1037.07
540	1036.81
541	1036.86
542	1036.72
543	1036.96
544	1036.74
545	1037.08
546	1037.06
547	1036.77
548	1036.9
549	1036.91
550	1036.72
551	1037.15
552	1037.01
553	1036.89
554	1037.05
555	1036.85
556	1036.78
557	1036.86
558	1036.74
559	1036.92
560	1036.74
561	1037.12
562	1036.78
563	1036.8
564	1036.95
565	1036.93
566	1036.81
567	1036.93
568	1036.69
569	1036.84
570	1036.89
571	1036.77
572	1036.64
573	1036.77
574	1036.87
575	1036.94
576	1036.98
577	1036.82
578	1037.16
579	1036.88
580	1037.03
581	1037.06
582	1036.91
583	1037.02
584	1036.83
585	1036.88
586	1036.88
587	1037.05
588	1036.8
589	1036.94
590	1036.87
591	1036.99
592	1036.84
593	1036.87
594	1036.74
595	1037.04
596	1036.86
597	1036.85
598	1036.93
599	1036.78
600	1036.95
601	1036.92
602	1036.9
603	1036.88
604	1036.88
605	1036.89
606	1036.73
607	1036.92
608	1036.82
609	1036.82
610	1036.83
611	1036.87
612	1036.89
613	1036.73
614	1036.79
615	1036.96
616	1036.81
617	1036.85
618	1036.9
619	1036.86
620	1036.8
621	1036.9
622	1036.84
623	1036.79
624	1036.87
625	1036.88
626	1036.94
627	1036.88
628	1036.89
629	1036.93
630	1036.94
631	1036.91
632	1036.87
633	1036.86
634	1036.94
635	1036.83
636	1036.69
637	1036.93
638	1036.89
639	1036.87
640	1036.85
641	1036.89
642	1036.89
643	1036.98
644	1036.77
645	1036.9
646	1036.83
647	1036.87
648	1036.91
649	1036.89
650	1036.92
651	1036.8
652	1036.87
653	1036.88
654	1036.79
655	1036.89
656	1036.86
657	1036.89
658	1036.87
659	1036.87
660	1036.92
661	1036.96
662	1036.88
663	1036.89
664	1036.89
665	1036.9
666	1036.87
667	1036.88
668	1036.88
669	1036.88
670	1036.86
671	1036.9
672	1036.86
673	1036.88
674	1036.86
675	1036.87
676	1036.9
677	1036.91
678	1036.87
679	1036.97
680	1036.92
681	1036.92
682	1036.89
683	1036.9
684	1036.91
685	1036.87
686	1036.85
687	1036.83
688	1036.87
689	1036.87
690	1036.94
691	1036.9
692	1036.84
693	1036.89
694	1036.89
695	1036.92
696	1036.9
697	1036.86
698	1036.85
699	1036.88
700	1037.03
701	1036.9
702	1036.85
703	1036.93
704	1036.86
705	1036.88
706	1036.92
707	1036.87
708	1036.86
709	1036.86
710	1036.87
711	1036.88
712	1036.89
713	1036.89
714	1036.91
715	1036.86
716	1036.89
717	1036.86
718	1036.88
719	1036.89
720	1036.88
721	1036.87
722	1036.86
723	1036.88
724	1036.88
725	1036.88
726	1036.86
727	1036.89
728	1036.88
729	1036.88
730	1036.87
731	1036.89
732	1036.86
733	1036.9
734	1036.88
735	1036.88
736	1036.85
737	1036.88
738	1036.88
739	1036.89
740	1036.9
741	1036.87
742	1036.87
743	1036.89
744	1036.87
745	1036.88
746	1036.87
747	1036.9
748	1036.86
749	1036.84
750	1036.88
751	1036.89
752	1036.88
753	1036.87
754	1036.91
755	1036.88
756	1036.89
757	1036.93
758	1036.85
759	1036.88
760	1036.9
761	1036.87
762	1036.86
763	1036.91
764	1036.89
765	1036.89
766	1036.89
767	1036.87
768	1036.79
769	1036.87
770	1036.85
771	1036.84
772	1036.9
773	1036.89
774	1036.86
775	1036.88
776	1036.89
777	1036.91
778	1036.9
779	1036.89
780	1036.9
781	1036.89
782	1036.9
783	1036.84
784	1036.9
785	1036.88
786	1036.88
787	1036.81
788	1036.88
789	1036.87
790	1036.88
791	1036.88
792	1036.88
793	1036.88
794	1036.88
795	1036.87
