Frame	Volume
1	1318.62
2	1303.6
3	1335.02
4	1339.41
5	1326.84
6	1329.77
7	1330.33
8	1329.13
9	1328.82
10	1325.06
11	1333.39
12	1333.84
13	1331.38
14	1328.52
15	1332.09
16	1329.79
17	1330.66
18	1329
19	1325.84
20	1329.91
21	1332.22
22	1331.87
23	1330.5
24	1331.38
25	1331.17
26	1330.82
27	1329.94
28	1330.57
29	1333.19
30	1329.44
31	1333.4
32	1332.61
33	1331.45
34	1331.87
35	1330.03
36	1331.44
37	1331.35
38	1331.09
39	1330.79
40	1330.01
41	1332.48
42	1330.89
43	1330.19
44	1330.96
45	1331.11
46	1329.69
47	1330.49
48	1330.03
49	1332.55
50	1330.39
51	1332.82
52	1331.89
53	1331.98
54	1330.54
55	1330.58
56	1331.15
57	1332.57
58	1330.15
59	1331.76
60	1330.88
61	1330.32
62	1330.33
63	1331.72
64	1330.32
65	1331.81
66	1330.81
67	1330.49
68	1331.91
69	1332.01
70	1329.99
71	1330.71
72	1329.95
73	1331.67
74	1331.07
75	1332.35
76	1330.15
77	1331.2
78	1330.98
79	1330.24
80	1330.73
81	1329.76
82	1330.81
83	1331.17
84	1330.69
85	1331.01
86	1330.05
87	1331.79
88	1331.08
89	1330.38
90	1330.67
91	1330.21
92	1331.86
93	1330.35
94	1331.33
95	1330.85
96	1331.19
97	1330.85
98	1331.07
99	1330.36
100	1331.57
101	1330.34
102	1329.47
103	1331.76
104	1330.13
105	1330.68
106	1330.69
107	1330.29
108	1330.43
109	1330.86
110	1330.8
111	1330.95
112	1331.03
113	1331.29
114	1330.45
115	1330.88
116	1331.42
117	1330.85
118	1330.91
119	1330.92
120	1331.01
121	1331.04
122	1331.22
123	1331.31
124	1330.39
125	1331.03
126	1330.45
127	1330.83
128	1330.47
129	1330.64
130	1331.17
131	1331.88
132	1330.47
133	1330.37
134	1331.25
135	1331.06
136	1330.81
137	1330.7
138	1330.56
139	1331.85
140	1330.97
141	1331.03
142	1331.77
143	1331.24
144	1331.03
145	1331.59
146	1330.79
147	1330.72
148	1331.04
149	1330.98
150	1330.64
151	1331.19
152	1331.14
153	1331.41
154	1331.04
155	1330.91
156	1331.43
157	1331.09
158	1330.87
159	1331.16
160	1330.66
161	1331.4
162	1330.89
163	1330.81
164	1331.3
165	1331.25
166	1330.89
167	1330.76
168	1330.74
169	1331.26
170	1331.05
171	1331.38
172	1330.93
173	1331.54
174	1331.1
175	1330.85
176	1330.6
177	1331.17
178	1331.39
179	1331.02
180	1330.44
181	1331.04
182	1330.95
183	1331.44
184	1331.28
185	1330.83
186	1331
187	1331.07
188	1330.88
189	1330.73
190	1330.99
191	1330.99
192	1331.24
193	1330.91
194	1331.24
195	1330.85
196	1331.36
197	1331.28
198	1331.19
199	1331.05
200	1331.02
201	1330.84
202	1331.29
203	1330.53
204	1330.67
205	1330.81
206	1330.66
207	1331.19
208	1330.51
209	1331.12
210	1331.02
211	1331
212	1331.3
213	1330.85
214	1330.84
215	1330.89
216	1331.21
217	1330.6
218	1330.97
219	1330.86
220	1331.27
221	1331.07
222	1330.78
223	1331.29
224	1330.91
225	1331.38
226	1331.13
227	1330.87
228	1330.67
229	1330.9
230	1330.86
231	1331.5
232	1330.69
233	1330.83
234	1330.81
235	1331.17
236	1330.81
237	1331.3
238	1330.8
239	1331.33
240	1331.27
241	1330.96
242	1330.8
243	1330.69
244	1331.09
245	1331.12
246	1330.9
247	1331.03
248	1330.82
249	1331.49
250	1330.91
251	1330.77
252	1330.84
253	1331.33
254	1330.69
255	1330.95
256	1330.9
257	1330.82
258	1330.85
259	1331.09
260	1330.97
261	1330.87
262	1330.81
263	1330.67
264	1331.39
265	1331.21
266	1331.1
267	1330.99
268	1330.93
269	1330.79
270	1330.98
271	1331.27
272	1331.25
273	1331.22
274	1331.19
275	1331.13
276	1331.16
277	1331.04
278	1331.03
279	1331.14
280	1330.85
281	1330.97
282	1330.9
283	1331.1
284	1331.02
285	1330.78
286	1330.9
287	1331.11
288	1331.11
289	1331.06
290	1331.12
291	1331.17
292	1331.11
293	1330.85
294	1331.14
295	1331.1
296	1330.95
297	1330.9
298	1330.76
299	1330.84
300	1331.07
301	1330.88
302	1331.03
303	1331
304	1330.89
305	1330.97
306	1331.11
307	1330.91
308	1330.99
309	1331.24
310	1331.05
311	1331.12
312	1331.1
313	1331.07
314	1331.08
315	1330.95
316	1330.96
317	1330.9
318	1330.84
319	1330.89
320	1331.02
321	1330.89
322	1330.75
323	1330.93
324	1331.16
325	1330.93
326	1331.04
327	1331.09
328	1331.05
329	1331.08
330	1331.06
331	1331.22
332	1331
333	1331.01
334	1330.95
335	1331.09
336	1330.9
337	1330.64
338	1331.23
339	1330.84
340	1331.04
341	1331.14
342	1330.95
343	1330.7
344	1330.85
345	1330.77
346	1330.9
347	1331.17
348	1331.03
349	1330.92
350	1330.98
351	1331.08
352	1330.86
353	1331.1
354	1330.83
355	1331.04
356	1331.17
357	1331
358	1331.07
359	1331.07
360	1330.88
361	1331.02
362	1331.01
363	1331.02
364	1331.08
365	1331.13
366	1330.96
367	1331
368	1331.19
369	1330.93
370	1331.05
371	1331.18
372	1331
373	1331
374	1331.12
375	1331
376	1330.96
377	1330.97
378	1330.81
379	1331.05
380	1331.15
381	1330.99
382	1331.37
383	1330.89
384	1331.1
385	1331.03
386	1331.18
387	1331.08
388	1330.91
389	1330.88
390	1331.07
391	1330.96
392	1331.07
393	1331.02
394	1331.06
395	1331.09
396	1330.98
397	1331.11
398	1330.8
399	1331.17
400	1331.04
401	1330.9
402	1331.06
403	1331.11
404	1330.84
405	1331.05
406	1331.08
407	1331.14
408	1331
409	1330.9
410	1331.02
411	1331.06
412	1331.04
413	1331
414	1331.05
415	1330.95
416	1331.14
417	1330.95
418	1330.94
419	1331.05
420	1330.99
421	1331.02
422	1331
423	1331.07
424	1331.07
425	1331.08
426	1331.05
427	1330.96
428	1330.99
429	1331.03
430	1331.06
431	1331.06
432	1331.16
433	1330.93
434	1331.01
435	1331.05
436	1331.1
437	1330.97
438	1331.02
439	1330.91
440	1331.08
441	1330.99
442	1331.04
443	1330.96
444	1330.95
445	1331.07
446	1330.99
447	1331.01
448	1331.08
449	1331.03
450	1330.96
451	1331.07
452	1330.96
453	1331
454	1330.94
455	1331
456	1331.05
457	1330.99
458	1331.04
459	1331.01
460	1331.07
461	1330.95
462	1330.99
463	1330.99
464	1330.98
465	1330.94
466	1331.14
467	1330.99
468	1330.96
469	1330.91
470	1330.96
471	1331.02
472	1331.16
473	1331.07
474	1331.13
475	1331.05
476	1331.03
477	1330.99
478	1330.95
479	1330.93
480	1330.99
481	1331.04
482	1331.06
483	1331.01
484	1331.05
485	1331.04
486	1330.99
487	1331.07
488	1331.02
489	1331.02
490	1331.06
491	1330.95
492	1331
493	1331.02
494	1331.02
495	1331.06
496	1330.9
497	1331.01
498	1331.08
499	1331.02
500	1331.01
501	1331
502	1331.03
503	1331
504	1331.03
505	1331
506	1331.07
507	1331.02
508	1330.99
509	1330.98
510	1331
511	1331.01
512	1331.03
513	1330.98
514	1331.02
515	1331.02
516	1331.02
517	1330.98
518	1331.01
519	1330.99
520	1331.01
521	1330.98
522	1331.02
523	1331.04
524	1331.02
525	1330.98
526	1331.02
527	1331.04
528	1330.99
529	1331.02
530	1331.02
531	1331.04
532	1331.02
533	1331.01
534	1331.01
535	1331.02
536	1331.01
537	1331.03
538	1330.93
539	1330.95
540	1331.07
541	1331.01
542	1330.93
543	1331.01
544	1330.98
545	1331.04
546	1331.02
547	1331.04
548	1331.02
549	1330.98
550	1331.06
551	1331.01
552	1331.01
553	1331.04
554	1331.04
555	1331
556	1331.07
557	1331.04
558	1331.01
559	1330.97
560	1331.06
561	1331.04
562	1331
563	1331.01
564	1331.01
565	1330.95
566	1331.01
567	1331.03
568	1331
569	1331.02
570	1330.98
571	1331.02
572	1331
573	1331.01
574	1331
575	1331.01
576	1331
577	1331.01
578	1331.01
579	1330.99
580	1331
581	1331.03
582	1331.02
583	1331.04
584	1330.98
585	1331.04
586	1331.04
587	1331.02
588	1331.01
