Frame	Volume
1	879.741
2	881.47
3	873.976
4	878.083
5	883.263
6	876.999
7	878.764
8	881.151
9	878.435
10	876.055
11	876.825
12	878.381
13	876.789
14	879.01
15	879.675
16	878.925
17	878.368
18	877.296
19	880.529
20	879.533
21	877.704
22	878.88
23	880.205
24	878.22
25	877.945
26	877.328
27	880.314
28	879.406
29	878.513
30	879.299
31	878.553
32	878.639
33	878.248
34	877.706
35	877.897
36	878.503
37	879.293
38	878.07
39	879.671
40	879.805
41	878.2
42	879.429
43	879.521
44	878.274
45	878.279
46	879.257
47	879.566
48	878.776
49	878.676
50	879.214
51	878.956
52	879.262
53	878.881
54	878.967
55	877.5
56	879.581
57	878.227
58	880.067
59	878.852
60	878.182
61	879.189
62	877.506
63	879.168
64	878.444
65	878.573
66	878.354
67	878.385
68	879.887
69	877.838
70	878.519
71	878.408
72	879.177
73	878.816
74	879.161
75	879.033
76	879.708
77	878.4
78	879.059
79	878.981
80	878.1
81	878.467
82	878.741
83	878.534
84	879.172
85	878.623
86	878.465
87	879.496
88	879.657
89	878.371
90	878.294
91	877.682
92	878.625
93	878
94	878.765
95	878.682
96	878.061
97	878.831
98	879.107
99	878.586
100	878.761
101	878.256
102	879.163
103	878.802
104	878.675
105	878.259
106	878.609
107	878.508
108	878.728
109	878.745
110	878.792
111	878.879
112	879.685
113	878.177
114	878.377
115	878.365
116	878.265
117	879.037
118	878.331
119	878.805
120	877.987
121	878.853
122	878.986
123	878.725
124	878.469
125	878.22
126	878.977
127	878.973
128	878.985
129	878.651
130	878.879
131	878.632
132	878.554
133	879.045
134	878.77
135	879.296
136	878.332
137	878.64
138	878.35
139	878.642
140	878.281
141	878.659
142	878.668
143	878.403
144	878.798
145	878.642
146	878.711
147	878.802
148	879.339
149	878.296
150	878.417
151	878.746
152	878.407
153	878.476
154	877.672
155	878.995
156	878.501
157	878.426
158	878.852
159	879.157
160	878.743
161	878.165
162	878.449
163	878.771
164	879.003
165	878.932
166	878.805
167	879.368
168	879.07
169	879.072
170	878.545
171	878.748
172	878.613
173	878.83
174	878.826
175	878.56
176	878.368
177	878.478
178	878.63
179	879.118
180	878.589
181	878.797
182	878.935
183	878.639
184	878.598
185	878.595
186	878.664
187	878.189
188	878.816
189	879.101
190	878.604
191	878.906
192	878.34
193	878.86
194	878.815
195	878.89
196	878.615
197	878.523
198	879.011
199	879.165
200	878.518
201	878.885
202	878.72
203	878.703
204	878.918
205	878.401
206	878.495
207	879.167
208	879.013
209	878.264
210	877.994
211	878.592
212	878.059
213	878.539
214	878.209
215	878.38
216	879.502
217	878.857
218	878.47
219	878.82
220	878.728
221	878.498
222	878.341
223	878.409
224	878.385
225	878.772
226	878.147
227	878.644
228	878.515
229	878.484
230	878.175
231	878.815
232	878.556
233	878.441
234	878.346
235	879.127
236	879.176
237	879.151
238	878.866
239	878.346
240	879.131
241	878.749
242	878.357
243	878.687
244	878.652
245	878.628
246	878.587
247	878.58
248	878.734
249	878.532
250	878.355
251	878.549
252	878.666
253	878.77
254	878.842
255	878.869
256	879.099
257	879.118
258	878.799
259	878.708
260	878.442
261	878.937
262	878.593
263	878.639
264	878.408
265	878.488
266	878.577
267	878.804
268	878.75
269	878.366
270	878.789
271	878.733
272	878.725
273	878.595
274	878.904
275	878.715
276	878.79
277	878.614
278	878.609
279	878.483
280	878.566
281	878.66
282	878.629
283	878.899
284	878.675
285	878.496
286	878.682
287	878.621
288	878.53
289	878.508
290	878.646
291	878.617
292	878.677
293	878.552
294	878.746
295	878.628
296	878.783
297	878.89
298	878.546
299	878.735
300	878.467
301	878.845
302	878.547
303	878.919
304	878.688
305	878.591
306	878.767
307	878.808
308	878.707
309	878.526
310	878.802
311	878.869
312	878.696
313	878.917
314	878.595
315	878.785
316	878.805
317	878.477
318	878.851
319	878.637
320	878.579
321	878.249
322	878.747
323	878.851
324	878.649
325	878.68
326	878.526
327	878.712
328	878.397
329	878.633
330	878.604
331	878.791
332	878.494
333	878.627
334	878.564
335	878.5
336	878.888
337	878.837
338	878.8
339	879.002
340	878.771
341	878.834
342	878.538
343	878.511
344	878.3
345	878.712
346	878.749
347	878.765
348	878.698
349	879.066
350	878.596
351	878.439
352	878.659
353	878.608
354	878.569
355	878.625
356	878.589
357	878.749
358	878.459
359	878.714
360	878.689
361	878.462
362	878.49
363	878.765
364	878.815
365	878.627
366	878.752
367	878.905
368	878.391
369	878.798
370	878.75
371	878.688
372	878.683
373	878.735
374	878.886
375	878.6
376	878.77
377	878.799
378	878.438
379	878.191
380	878.575
381	878.662
382	878.714
383	878.554
384	878.921
385	878.56
386	878.549
387	878.653
388	879.041
389	878.901
390	879.123
391	878.708
392	878.634
393	878.778
394	878.722
395	878.594
396	878.822
397	878.476
398	878.645
399	878.678
400	878.663
401	878.415
402	878.862
403	878.73
404	878.549
405	878.697
406	878.656
407	878.576
408	878.612
409	878.66
410	878.683
411	878.612
412	878.689
413	878.712
414	878.71
415	878.562
416	878.834
417	878.526
418	878.672
419	878.614
420	878.628
421	878.664
422	878.56
423	878.658
424	878.636
425	878.648
426	878.68
427	878.64
428	878.697
429	878.635
430	878.722
431	878.682
432	878.621
433	878.678
434	878.656
435	878.653
436	878.672
437	878.696
438	878.637
439	878.653
440	878.656
441	878.61
442	878.606
443	878.676
444	878.727
445	878.627
446	878.67
447	878.633
448	878.644
449	878.655
450	878.655
451	878.677
452	878.69
453	878.682
454	878.654
455	878.648
456	878.715
457	878.578
458	878.654
459	878.703
460	878.546
461	878.62
462	878.68
463	878.642
464	878.722
465	878.62
466	878.606
467	878.706
468	878.664
469	878.606
470	878.602
471	878.685
472	878.65
473	878.728
474	878.629
475	878.59
476	878.678
477	878.627
478	878.682
479	878.636
480	878.678
481	878.644
482	878.606
483	878.611
484	878.631
485	878.589
486	878.729
487	878.679
488	878.624
489	878.659
490	878.639
491	878.629
492	878.644
493	878.569
494	878.757
495	878.648
496	878.694
497	878.494
498	878.739
499	878.639
500	878.71
501	878.687
502	878.748
503	878.718
504	878.596
505	878.645
506	878.619
507	878.779
508	878.692
509	878.602
510	878.694
511	878.688
512	878.65
513	878.633
514	878.626
515	878.714
516	878.65
517	878.632
518	878.686
519	878.665
520	878.659
521	878.631
522	878.647
523	878.669
524	878.624
525	878.649
526	878.655
527	878.645
528	878.709
529	878.647
530	878.681
531	878.645
532	878.663
533	878.649
534	878.643
535	878.668
536	878.649
537	878.576
538	878.73
539	878.645
540	878.716
541	878.705
542	878.596
543	878.584
544	878.625
545	878.659
546	878.615
547	878.722
548	878.611
549	878.64
550	878.822
551	878.644
552	878.694
553	878.749
554	878.612
555	878.659
556	878.662
557	878.679
558	878.631
559	878.655
560	878.665
561	878.643
562	878.623
563	878.654
564	878.628
565	878.78
566	878.624
567	878.595
568	878.648
569	878.679
570	878.689
571	878.778
572	878.71
573	878.728
574	878.585
575	878.682
576	878.621
577	878.78
578	878.647
579	878.648
580	878.634
581	878.673
582	878.609
583	878.69
584	878.547
585	878.609
586	878.657
587	878.58
588	878.56
