Frame	Volume
1	743.998
2	738.989
3	754.908
4	743.628
5	750.264
6	752.585
7	754.848
8	750.673
9	745.066
10	751.935
11	749.092
12	752.279
13	750.292
14	750.807
15	749.193
16	750.127
17	750.021
18	750.013
19	750.858
20	750.024
21	750.939
22	749.844
23	750.898
24	749.092
25	749.509
26	749.455
27	750.289
28	751.471
29	750.476
30	749.879
31	750.298
32	750.346
33	750.36
34	749.561
35	750.543
36	750.16
37	749.915
38	750.201
39	750.01
40	750.189
41	748.627
42	749.731
43	750.522
44	750.184
45	750.378
46	750.83
47	748.947
48	751.015
49	750.833
50	749.227
51	749.388
52	749.833
53	749.825
54	751.09
55	749.695
56	750.35
57	749.708
58	749.538
59	750.045
60	749.694
61	750.451
62	749.337
63	750.535
64	750.479
65	749.962
66	749.987
67	750.061
68	750.128
69	750.067
70	749.754
71	750.336
72	749.557
73	750.233
74	750.661
75	749.809
76	750.415
77	750.25
78	750.074
79	750.163
80	750.112
81	750.132
82	750.173
83	750.076
84	749.913
85	750.542
86	750.296
87	749.494
88	750.201
89	749.806
90	750.011
91	750.245
92	749.766
93	750.659
94	749.973
95	749.937
96	749.775
97	749.819
98	750.174
99	749.795
100	750.522
101	749.884
102	749.869
103	749.879
104	750.271
105	750.409
106	750.305
107	750.278
108	749.845
109	750.223
110	750.206
111	750.112
112	750.136
113	749.773
114	749.938
115	750.085
116	750.242
117	750.682
118	750.229
119	749.713
120	749.965
121	750.026
122	750.192
123	750.16
124	750.035
125	749.891
126	750.154
127	749.951
128	749.636
129	750.563
130	750.407
131	749.744
132	749.677
133	749.847
134	750.538
135	750.246
136	750.17
137	750.158
138	750.329
139	749.642
140	750.037
141	749.898
142	749.772
143	750.127
144	750.014
145	749.911
146	750.231
147	750.182
148	750.057
149	749.966
150	749.961
151	750.229
152	750.274
153	750.08
154	750.156
155	750.104
156	750.033
157	750.01
158	750.119
159	750.021
160	749.999
161	749.807
162	750.173
163	749.735
164	750.273
165	749.836
166	749.854
167	750.334
168	749.88
169	750.073
170	749.774
171	750.023
172	750.139
173	750.085
174	750.158
175	749.741
176	749.942
177	749.764
178	750.166
179	750.421
180	750.125
181	750.329
182	750.003
183	749.881
184	750.034
185	750.176
186	750.038
187	750.515
188	750.115
189	750.015
190	750.375
191	750.302
192	750.336
193	749.648
194	750.344
195	749.781
196	750.347
197	750.599
198	750.261
199	750.574
200	749.688
201	749.888
202	750.1
203	750.114
204	750.921
205	749.79
206	750.09
207	749.859
208	750.181
209	750.007
210	750.121
211	749.735
212	750.168
213	749.774
214	750.219
215	750.366
216	750.242
217	749.849
218	750.145
219	750.032
220	749.978
221	750.023
222	750.299
223	750.056
224	750.087
225	750.111
226	749.725
227	750.097
228	750.095
229	750.164
230	749.894
231	750.023
232	750.093
233	750.129
234	750.075
235	749.966
236	750.064
237	749.89
238	750.092
239	749.972
240	750.097
241	750.148
242	750.145
243	750.063
244	749.988
245	750.105
246	750.081
247	749.998
248	750.182
249	750.178
250	750.205
251	750.02
252	749.977
253	749.998
254	750.104
255	750.109
256	750.111
257	750.115
258	750.067
259	749.973
260	750.015
261	750.123
262	749.999
263	750.189
264	749.931
265	749.898
266	750.085
267	750.051
268	750.023
269	750.012
270	750.119
271	750.029
272	750.143
273	750.041
274	750.023
275	750.026
276	749.924
277	750.105
278	750.112
279	750.022
280	750.054
281	750.046
282	750.022
283	750.111
284	750.015
285	750.047
286	750.049
287	750.162
288	750.065
289	750.167
290	750.126
291	750.107
292	750.128
293	750.096
294	749.948
295	750.04
296	750.035
297	750.043
298	750.079
299	750.008
300	750.082
301	750.114
302	750.136
303	750.064
304	750.133
305	750.124
306	750.09
307	750.141
308	749.942
309	749.949
310	750.015
311	750.08
312	750.128
313	750.145
314	750.082
315	750.198
316	750.01
317	750.012
318	750.032
319	750.08
320	750.048
321	749.994
322	750.061
323	750.103
324	750.065
325	750.059
326	749.998
327	750.101
328	750.084
329	750.037
330	750.103
331	750.181
332	750.221
333	750
334	750.112
335	750.09
336	750.054
337	750.067
338	750.037
339	750.084
340	750.043
341	750.151
342	750.167
343	749.983
344	750.075
345	750.163
346	749.949
347	750.095
348	750.071
349	750.046
350	750.064
351	750.08
352	750.074
353	750.018
354	750.054
355	750.061
356	750.091
357	750.069
358	750.07
359	750.015
360	750.067
361	750.145
362	750.053
363	750.146
364	750.1
365	750.104
366	750.145
367	750.055
368	750.089
369	750.021
370	750.044
371	750.114
372	750.116
373	750.137
374	750.087
375	750.102
376	750.081
377	750.03
378	750.113
379	750.073
380	750.081
381	750.022
382	750.01
383	750.046
384	750.136
385	750.104
386	750.087
387	750.071
388	750.08
389	750.05
390	750.091
391	750.128
392	750.093
393	750.056
394	750.093
395	750.121
396	750.098
397	750.038
398	750.032
399	750.009
400	750.057
401	750.081
402	750.071
403	750.072
404	750.057
405	750.065
406	750.103
407	750.061
408	750.038
409	750.112
410	750.032
411	750.047
412	750.049
413	750.039
414	750.085
415	750.072
416	750.087
417	750.043
418	750.044
419	750.07
420	750.082
421	750.091
422	750.087
423	750.052
424	750.05
425	750.058
426	750.062
427	750.083
428	750.046
429	750.05
430	750.055
431	750.099
432	750.067
433	750.067
434	750.078
435	750.085
436	750.089
437	750.093
438	750.074
439	750.091
440	750.106
441	750.026
442	750.072
443	750.051
444	750.023
445	750.08
446	750.033
447	750.055
448	750.181
449	750.12
450	750.07
451	750.064
452	750.064
453	750.059
